0.03797483444213867|0|0.01|0.02|-0.03|-0.01|0.00|0.14|0.04
0.0910959243774414|0.10|0.08|-0.03|-0.04|-0.06|-0.01|0.00|-0.08|-0.00
0.14476609230041504|0.10|0.04|-0.05|-0.03|-0.00|-0.01|0.00|-0.13|-0.00
0.19359779357910156|0.10|-0.01|0.03|0.01|0.03|-0.01|0.00|-0.07|0.01
0.24709606170654297|0.11|-0.04|0.04|-0.00|-0.02|-0.01|0.00|0.02|0.00
0.2961266040802002|0.10|-0.02|0.05|-0.01|0.02|-0.01|0.00|0.08|0.00
0.3488960266113281|0.09|-0.00|0.02|0.01|-0.01|-0.01|0.00|0.02|-0.01
0.3987159729003906|0.11|-0.01|0.02|-0.01|0.00|-0.01|0.00|-0.05|0.00
0.44770050048828125|0.11|0.02|-0.00|-0.00|0.01|-0.01|0.00|-0.05|0.00
0.5008330345153809|0.09|-0.02|0.01|0.02|-0.00|-0.01|0.00|-0.02|-0.00
0.5542569160461426|0.11|0.01|-0.02|-0.03|-0.01|-0.01|0.00|-0.00|-0.00
0.6033205986022949|0.11|-0.01|-0.01|0.02|0.03|-0.01|0.00|0.01|0.00
0.6566629409790039|0.10|0.02|-0.00|-0.01|-0.01|-0.01|0.00|-0.00|0.00
0.7098507881164551|0.10|-0.06|0.05|-0.01|-0.00|-0.01|0.00|0.02|0.00
0.7589621543884277|0.11|-0.00|0.01|0.01|0.01|-0.01|0.00|-0.02|0.00
0.8081216812133789|0.09|0.03|-0.03|-0.01|-0.03|-0.01|0.00|-0.03|0.00
0.8609895706176758|0.10|0.01|-0.02|-0.00|0.02|-0.01|0.00|-0.03|-0.00
0.9098999500274658|0.10|0.02|-0.00|0.02|0.02|-0.01|0.00|0.05|0.00
0.9591836929321289|0.10|-0.00|0.01|0.02|-0.01|-0.01|0.00|0.00|0.00
1.0130393505096436|0.11|-0.01|-0.00|-0.01|-0.01|-0.01|0.00|0.00|0.00
1.0659289360046387|0.10|-0.01|-0.01|-0.04|-0.03|-0.01|0.00|0.00|-0.00
1.119588851928711|0.12|-0.02|0.02|-0.01|-0.00|-0.01|0.00|0.00|-0.00
1.1678993701934814|0.10|0.01|0.01|0.00|0.01|-0.01|0.00|0.00|-0.00
1.217797040939331|0.10|-0.01|-0.02|0.00|0.01|-0.01|0.00|0.00|-0.00
1.2700443267822266|0.10|0.01|0.02|-0.00|-0.01|-0.01|0.00|0.00|-0.00
1.320235013961792|0.10|-0.01|-0.01|0.01|-0.00|-0.01|0.00|0.00|-0.00
1.3736748695373535|0.10|0.01|0.00|-0.02|-0.01|-0.01|0.00|0.00|-0.00
1.4224350452423096|0.11|-0.03|0.00|0.00|0.01|-0.01|0.00|-0.00|-0.00
1.4750115871429443|0.11|-0.00|-0.00|0.01|-0.00|-0.01|0.00|-0.00|-0.00
1.5292096138000488|0.10|0.01|-0.02|-0.02|0.00|-0.01|0.00|-0.01|0.00
1.578437328338623|0.10|0.01|0.00|-0.01|-0.02|-0.01|0.00|-0.00|0.00
1.6266448497772217|0.11|-0.01|0.01|0.02|0.02|-0.01|0.00|0.01|-0.00
1.6764342784881592|0.10|0.01|-0.00|0.00|-0.01|-0.01|0.00|0.01|0.00
1.725501537322998|0.12|0.01|0.01|0.00|0.00|-0.01|0.00|0.00|0.00
1.775139570236206|0.10|0.01|-0.01|0.07|0.02|-0.01|0.00|0.00|0.00
1.8241100311279297|0.10|0.02|0.01|-0.10|-0.03|-0.01|0.00|0.00|0.00
1.876798152923584|0.11|-0.01|-0.00|0.01|0.01|-0.01|0.00|-0.00|-0.00
1.9257636070251465|0.09|0.00|0.01|0.01|0.02|-0.01|0.00|-0.00|-0.00
1.9791960716247559|0.11|-0.00|-0.02|-0.00|-0.01|-0.01|0.00|-0.00|-0.00
2.032977819442749|0.10|0.00|0.00|-0.01|-0.01|-0.01|0.00|-0.00|-0.00
2.085817337036133|0.09|-0.02|-0.01|0.00|0.00|-0.01|0.00|-0.00|-0.00
2.138792037963867|0.10|0.00|-0.00|-0.00|-0.01|-0.01|0.00|-0.00|-0.00
2.1880149841308594|0.10|-0.01|0.00|0.00|0.01|-0.01|0.00|-0.00|-0.00
2.2419662475585938|0.10|0.00|0.01|0.01|-0.00|-0.01|0.00|-0.00|-0.00
2.2910375595092773|0.10|0.01|-0.02|0.02|-0.02|-0.01|0.00|-0.00|-0.00
2.3441808223724365|0.09|0.01|-0.00|-0.02|0.02|-0.01|0.00|-0.00|-0.00
2.3970956802368164|0.11|0.01|-0.03|-0.02|-0.03|-0.01|0.00|-0.00|-0.00
2.450561046600342|0.11|-0.02|0.01|0.02|0.03|-0.01|0.00|-0.08|-0.00
2.4957802295684814|0.10|0.03|0.02|0.04|0.00|-0.01|0.00|0.07|0.00
2.5491302013397217|0.10|0.09|0.03|-0.06|0.03|-0.01|0.00|-0.06|0.00
2.594202756881714|0.10|-0.08|0.07|0.07|0.05|-0.01|0.00|0.03|0.00
2.643366813659668|0.09|-0.00|0.09|0.07|0.09|-0.01|0.00|0.04|0.00
2.6965689659118652|0.11|-0.01|0.09|-0.02|0.07|-0.01|0.00|0.04|-0.00
2.7446811199188232|0.12|-0.14|0.16|0.01|0.07|-0.01|0.00|0.10|-0.00
2.7942392826080322|0.11|-0.11|0.00|0.09|0.01|-0.01|0.00|0.23|0.00
2.844008207321167|0.10|0.03|-0.20|0.04|-0.09|-0.01|0.00|-0.14|0.01
2.8970296382904053|0.11|0.06|-0.17|-0.21|-0.17|-0.01|0.00|-0.16|-0.00
2.949895143508911|0.10|0.03|-0.24|-0.06|-0.13|-0.01|0.00|-0.04|-0.01
3.0033860206604004|0.10|0.05|-0.19|-0.02|-0.05|-0.01|0.00|-0.00|-0.00
3.056291103363037|0.11|0.03|0.06|0.07|-0.04|-0.01|0.00|-0.09|-0.00
3.106131076812744|0.10|0.05|0.10|0.09|0.19|-0.01|0.00|-0.12|0.01
3.154309034347534|0.11|-0.11|-0.04|-0.03|0.06|-0.01|0.00|0.16|0.00
3.2083234786987305|0.11|-0.25|-0.20|-0.12|-0.08|-0.01|0.00|-0.05|-0.00
3.261667251586914|0.10|0.20|-0.05|-0.13|-0.07|-0.01|0.00|-0.30|0.00
3.315079927444458|0.11|0.15|0.03|-0.84|-0.64|-0.01|0.00|-0.42|-0.04
3.3639841079711914|0.10|0.06|0.12|0.20|0.30|-0.01|0.00|0.54|-0.01
3.413133144378662|0.10|0.09|0.38|0.39|0.36|-0.01|0.00|0.96|0.07
3.4583656787872314|0.11|-0.08|0.15|0.12|0.10|-0.01|0.00|0.46|0.03
3.511245012283325|0.11|-0.09|0.03|0.40|0.17|-0.01|0.00|-0.19|-0.03
3.5601117610931396|0.10|-0.07|0.15|0.24|0.22|-0.01|0.00|-0.59|-0.01
3.612961769104004|0.11|-0.06|0.29|0.21|0.01|-0.01|0.00|-0.26|-0.04
3.6621181964874268|0.11|-0.24|0.27|-0.01|0.17|-0.01|0.00|0.07|0.03
3.7163891792297363|0.10|0.15|-0.13|-0.03|-0.05|-0.01|0.00|0.04|0.00
3.7649550437927246|0.10|0.10|-0.30|-0.04|-0.22|-0.01|0.00|-0.01|-0.01
3.8189144134521484|0.11|-0.03|-0.25|-0.15|-0.12|-0.01|0.00|-0.02|0.00
3.87182879447937|0.10|0.08|-0.27|-0.30|-0.22|-0.01|0.00|-0.11|-0.00
3.924638032913208|0.10|-0.12|0.21|-0.10|0.07|-0.01|0.00|0.08|-0.00
3.978428602218628|0.11|-0.02|0.16|-0.12|-0.04|-0.01|0.00|0.10|-0.00
4.027336835861206|0.10|0.15|-0.04|0.33|0.10|-0.01|0.00|-0.04|-0.00
4.076595783233643|0.11|0.08|0.05|0.21|0.04|-0.01|0.00|-0.13|0.00
4.129455089569092|0.10|0.05|-0.08|-0.03|-0.06|-0.01|0.00|0.00|0.00
4.1790690422058105|0.11|0.03|-0.26|-0.18|-0.10|-0.01|0.00|0.14|-0.01
4.232070207595825|0.11|0.12|-0.25|-0.03|-0.04|-0.01|0.00|0.06|0.00
4.285073757171631|0.12|-0.10|0.04|-0.08|-0.02|-0.01|0.00|-0.14|-0.00
4.334908723831177|0.10|-0.06|0.15|-0.03|0.02|-0.01|0.00|-0.06|-0.00
4.3874804973602295|0.12|0.03|-0.03|-0.02|-0.03|-0.01|0.00|0.07|0.01
4.437071084976196|0.10|-0.13|0.15|0.03|-0.01|-0.01|0.00|0.03|-0.00
4.486395835876465|0.10|-0.32|0.06|0.04|0.00|-0.01|0.00|-0.01|0.00
4.539669513702393|0.11|0.41|-0.14|-0.01|0.04|-0.01|0.00|-0.05|-0.00
4.588240385055542|0.09|0.40|-0.06|-0.02|0.04|-0.01|0.00|0.04|0.00
4.641163110733032|0.11|-0.26|0.55|-0.13|-0.02|-0.01|0.00|-0.00|0.00
4.695005178451538|0.09|-0.48|0.35|0.04|-0.04|-0.01|0.00|-0.06|-0.01
4.748283624649048|0.10|-0.26|-0.13|-0.02|-0.01|-0.01|0.00|-0.01|-0.00
4.797314882278442|0.11|0.25|-0.34|0.03|-0.02|-0.01|0.00|-0.01|0.00
4.850142478942871|0.10|0.26|-0.26|0.07|0.03|-0.01|0.00|0.00|-0.00
4.899899482727051|0.12|0.20|-0.18|0.02|-0.01|-0.01|0.00|-0.00|0.00
4.94842267036438|0.10|0.37|-0.09|0.00|0.02|-0.01|0.00|-0.00|0.00
5.002391815185547|0.11|0.18|-0.50|-0.00|-0.02|-0.01|0.00|-0.00|0.00
5.055256128311157|0.10|-0.66|0.85|-0.01|0.02|-0.01|0.00|-0.00|-0.00
5.10490870475769|0.11|-2.21|1.46|0.06|-0.02|-0.01|0.00|-0.00|-0.00
5.157764434814453|0.11|0.48|-0.84|-0.03|-0.04|-0.01|0.00|0.18|-0.00
5.211491584777832|0.11|1.91|-0.62|-0.04|0.04|-0.01|0.00|-0.05|-0.01
5.260644197463989|0.09|1.83|-1.56|0.00|-0.01|-0.01|0.00|-0.20|0.01
5.313154935836792|0.12|0.15|-0.44|-0.03|0.05|-0.01|0.00|-0.19|-0.00
5.362154722213745|0.11|-1.05|0.86|-0.07|0.02|-0.01|0.00|0.11|-0.01
5.415376663208008|0.11|-1.24|0.91|0.07|-0.06|-0.01|0.00|0.13|0.00
5.464695453643799|0.10|-0.32|0.13|0.02|-0.04|-0.01|0.00|0.01|0.00
5.5140464305877686|0.10|0.23|-0.06|0.02|0.01|-0.01|0.00|-0.16|-0.01
5.564907073974609|0.10|0.00|0.01|0.01|0.06|-0.01|0.00|0.01|-0.00
5.612597703933716|0.09|0.12|-0.03|-0.03|0.01|-0.01|0.00|0.11|0.01
5.665798664093018|0.10|0.00|-0.02|-0.02|0.04|-0.01|0.00|0.04|-0.00
5.719324350357056|0.10|-0.03|-0.02|-0.00|-0.03|-0.01|0.00|0.00|-0.00
5.7684166431427|0.11|-0.03|0.05|0.05|0.01|-0.01|0.00|0.00|0.00
5.817589044570923|0.10|-0.09|0.04|0.00|0.00|-0.01|0.00|-0.00|-0.00
5.870223760604858|0.11|0.09|-0.00|-0.00|-0.01|-0.01|0.00|-0.00|-0.00
5.924039125442505|0.10|0.06|0.02|-0.01|-0.02|-0.01|0.00|-0.00|-0.00
5.972161531448364|0.09|0.04|-0.12|0.00|0.02|-0.01|0.00|-0.03|0.00
6.026096820831299|0.09|-0.02|-0.06|0.00|0.00|-0.01|0.00|-0.00|-0.00
6.07490611076355|0.11|0.08|-0.04|0.02|-0.00|-0.01|0.00|0.03|0.00
6.124618768692017|0.11|0.05|0.13|-0.00|-0.04|-0.01|0.00|0.01|0.00
6.173491716384888|0.10|-0.11|0.11|0.01|0.02|-0.01|0.00|0.01|0.00
6.227198362350464|0.09|0.03|0.04|-0.02|-0.01|-0.01|0.00|-0.01|0.00
6.275634527206421|0.11|0.01|-0.05|-0.01|0.04|-0.01|0.00|-0.00|0.01
6.3252410888671875|0.11|0.04|0.05|0.01|0.03|-0.01|0.00|0.01|-0.00
6.3785316944122314|0.09|0.01|0.03|-0.00|-0.00|-0.01|0.00|0.04|-0.01
6.427327394485474|0.11|0.01|-0.08|0.01|0.00|-0.01|0.00|0.00|0.00
6.476818799972534|0.11|0.07|-0.08|-0.01|-0.02|-0.01|0.00|-0.04|0.00
6.526049852371216|0.09|-0.09|0.02|0.00|0.00|-0.01|0.00|-0.00|0.00
6.579920768737793|0.11|-0.10|0.03|0.00|0.01|-0.01|0.00|0.01|0.00
6.630820035934448|0.10|-0.06|0.01|-0.00|-0.01|-0.01|0.00|0.00|-0.00
6.6816418170928955|0.12|-0.04|-0.05|-0.00|-0.02|-0.01|0.00|-0.01|-0.00
6.734708070755005|0.10|0.00|0.00|0.01|-0.00|-0.01|0.00|-0.00|-0.00
6.788451433181763|0.12|-0.02|-0.00|0.00|-0.06|-0.01|0.00|-0.00|-0.00
6.837324380874634|0.11|0.02|-0.04|-0.03|0.03|-0.01|0.00|0.01|-0.00
6.885833978652954|0.09|-0.04|0.04|0.02|0.01|-0.01|0.00|0.00|-0.00
6.935520887374878|0.11|0.03|0.01|0.00|0.04|-0.01|0.00|0.01|0.00
6.988588094711304|0.11|-0.00|-0.03|0.01|-0.04|-0.01|0.00|0.01|-0.00
7.037450313568115|0.10|-0.07|0.04|-0.07|0.03|-0.01|0.00|0.00|-0.01
7.086383104324341|0.11|0.09|-0.02|0.10|0.03|-0.01|0.00|0.00|-0.00
7.140648603439331|0.10|-0.07|-0.09|-0.05|-0.02|-0.01|0.00|0.07|-0.01
7.190558433532715|0.11|0.00|0.06|0.02|0.03|-0.01|0.00|0.21|0.02
7.242854595184326|0.09|-0.07|0.01|-0.06|-0.04|-0.01|0.00|0.05|0.01
7.2922773361206055|0.11|0.13|-0.06|0.04|-0.04|-0.01|0.00|-0.16|-0.01
7.34516453742981|0.11|-0.06|0.01|0.08|-0.02|-0.01|0.00|-0.06|-0.00
7.398538112640381|0.11|0.17|-0.02|0.10|-0.04|-0.01|0.00|-0.03|-0.03
7.447774410247803|0.12|0.08|0.04|-0.01|-0.02|-0.01|0.00|0.11|0.03
7.496280908584595|0.14|-0.16|0.18|-0.10|-0.13|-0.01|0.00|0.18|0.01
7.549136638641357|0.13|0.10|-0.09|-0.04|0.03|-0.01|0.00|-0.23|-0.01
7.603003263473511|0.12|-0.05|0.09|-0.04|0.15|-0.01|0.00|-0.30|-0.01
7.656346321105957|0.09|-0.02|-0.07|-0.01|-0.03|-0.01|0.00|-0.17|-0.00
7.704877138137817|0.10|0.02|-0.00|0.02|-0.02|-0.01|0.00|0.18|0.01
7.754841089248657|0.10|-0.13|-0.06|0.01|0.01|-0.01|0.00|0.02|0.00
7.8077006340026855|0.12|0.07|0.07|-0.05|0.00|-0.01|0.00|0.09|-0.01
7.863534688949585|0.10|0.01|-0.06|-0.01|-0.04|-0.01|0.00|0.12|0.01
7.906328439712524|0.10|0.03|0.27|0.04|0.03|-0.01|0.00|-0.06|-0.00
7.959443092346191|0.10|0.06|0.72|0.04|-0.04|-0.01|0.00|-0.10|0.00
8.008374691009521|0.10|-0.10|0.73|-0.02|0.10|-0.01|0.00|-0.04|0.00
8.061277866363525|0.12|-0.02|-0.08|0.01|0.06|-0.01|0.00|-0.07|-0.02
8.114217758178711|0.08|-0.30|0.41|-0.03|-0.06|-0.01|0.00|-0.03|-0.00
8.168074369430542|0.09|-0.08|0.18|0.03|0.02|-0.01|0.00|0.21|0.01
8.22553038597107|0.10|0.34|-1.02|-0.07|-0.50|-0.01|0.00|0.00|0.01
8.265424251556396|0.08|-0.17|0.27|0.04|0.43|-0.01|0.00|-0.03|0.01
8.315717220306396|0.12|0.23|-0.15|-0.17|-0.13|-0.01|0.00|-0.03|-0.01
8.369207859039307|0.11|-0.05|-0.42|0.15|0.13|-0.01|0.00|0.12|-0.00
8.417459964752197|0.12|0.42|-0.97|0.04|-0.01|-0.01|0.00|0.23|-0.00
8.471246004104614|0.11|0.41|-1.12|-0.02|-0.02|-0.01|0.00|0.01|0.00
8.524767398834229|0.13|-0.00|-0.45|-0.05|-0.06|-0.01|0.00|-0.14|-0.01
8.578185319900513|0.12|-0.19|-0.21|0.06|0.08|-0.01|0.00|-0.01|-0.00
8.631088972091675|0.10|-0.04|-0.07|-0.03|-0.01|-0.01|0.00|0.02|-0.00
8.679957866668701|0.11|-0.20|0.04|-0.00|0.01|-0.01|0.00|-0.08|0.00
8.733189344406128|0.11|-0.13|0.26|-0.02|0.05|-0.01|0.00|-0.05|-0.00
8.782946109771729|0.10|0.09|0.21|0.04|-0.03|-0.01|0.00|0.03|0.00
8.836277723312378|0.11|-0.20|0.56|-0.01|-0.01|-0.01|0.00|-0.01|-0.00
8.884803533554077|0.11|-0.12|0.43|-0.04|0.05|-0.01|0.00|-0.02|-0.00
8.938384771347046|0.12|-0.29|-0.02|-0.02|-0.00|-0.01|0.00|-0.02|0.00
8.991666793823242|0.09|-0.18|0.14|-0.02|-0.01|-0.01|0.00|-0.00|0.00
9.043545484542847|0.11|-0.01|0.08|0.02|-0.03|-0.01|0.00|0.01|-0.00
9.094281435012817|0.09|0.08|0.09|-0.01|-0.08|-0.01|0.00|0.01|-0.00
9.142298698425293|0.10|0.12|0.07|0.01|0.01|-0.01|0.00|0.00|-0.00
9.19233512878418|0.11|0.04|-0.03|0.02|0.05|-0.01|0.00|0.01|-0.00
9.243199348449707|0.10|0.14|0.05|0.01|0.01|-0.01|0.00|0.06|0.00
9.291099309921265|0.11|-0.02|0.08|-0.05|0.04|-0.01|0.00|-0.05|0.00
9.343879222869873|0.10|0.14|-0.10|-0.08|-0.01|-0.01|0.00|-0.02|0.00
9.396687746047974|0.12|-0.01|-0.12|-0.16|-0.24|-0.01|0.00|0.00|-0.00
9.450285911560059|0.10|-0.00|-0.17|-0.11|0.29|-0.01|0.00|-0.00|-0.00
9.503583431243896|0.13|-0.05|-0.15|0.05|-0.03|-0.01|0.00|-0.00|-0.02
9.552990436553955|0.11|0.02|0.17|0.26|0.04|-0.01|0.00|0.00|0.02
9.597736835479736|0.11|0.07|0.11|0.06|0.04|-0.01|0.00|-0.00|0.01
9.650131225585938|0.11|0.06|0.13|0.03|0.04|-0.01|0.00|-0.00|-0.00
9.700337409973145|0.11|0.08|0.02|-0.02|-0.00|-0.01|0.00|-0.00|0.00
9.749220609664917|0.10|0.02|0.03|-0.19|0.03|-0.01|0.00|0.32|0.00
9.798126459121704|0.10|0.00|-0.05|0.13|-0.03|-0.01|0.00|0.07|0.00
9.852072954177856|0.11|0.06|-0.02|-0.05|0.00|-0.01|0.00|-0.32|-0.00
9.904485702514648|0.13|-0.03|0.13|0.09|-0.01|-0.01|0.00|-0.09|-0.01
9.953920841217041|0.02|-0.01|-0.01|-0.13|0.04|-0.01|0.00|0.00|0.01
10.006507635116577|0.07|-0.03|0.06|0.11|-0.10|-0.01|0.00|-0.00|-0.01
10.060364723205566|0.08|-0.03|-0.04|0.11|-0.02|-0.01|0.00|-0.00|-0.01
10.10919737815857|0.07|0.01|0.01|-0.01|-0.00|-0.01|0.00|-0.00|0.00
10.162405729293823|0.09|0.07|-0.10|0.10|0.05|-0.01|0.00|-0.00|-0.00
10.212069034576416|0.10|-0.02|0.06|-0.03|-0.09|-0.01|0.00|0.00|-0.00
10.265655994415283|0.09|0.02|-0.01|-0.04|0.04|-0.01|0.00|0.00|0.01
10.31456470489502|0.09|0.03|0.01|-0.01|0.01|-0.01|0.00|-0.00|-0.01
10.363447666168213|0.08|-0.01|0.04|0.02|0.01|-0.01|0.00|-0.00|0.00
10.417325258255005|0.09|-0.03|0.03|-0.00|-0.00|-0.01|0.00|-0.00|0.00
10.469627857208252|0.09|-0.02|0.02|-0.00|0.01|-0.01|0.00|-0.00|-0.00
10.523028373718262|0.09|-0.04|0.00|-0.02|-0.03|-0.01|0.00|-0.00|-0.00
10.572916984558105|0.09|-0.00|-0.03|0.01|0.01|-0.01|0.00|-0.00|-0.00
10.626037836074829|0.10|-0.01|0.02|0.01|0.02|-0.01|0.00|-0.00|-0.00
10.679203271865845|0.09|-0.00|-0.03|-0.00|-0.01|-0.01|0.00|-0.00|-0.00
10.732518672943115|0.18|0.01|-0.04|-0.01|-0.02|-0.01|0.00|-0.00|-0.00
10.781637191772461|0.79|-0.01|0.08|0.02|0.02|-0.01|0.00|-0.00|0.00
10.83500623703003|0.86|-0.01|-0.00|-0.01|0.01|-0.01|0.00|-0.00|0.00
10.88825273513794|0.71|0.01|-0.01|-0.00|-0.01|-0.01|0.00|-0.00|0.00
10.937263488769531|0.04|-0.02|0.01|-0.02|-0.01|-0.01|0.00|-0.00|0.00
10.990641117095947|0.18|-0.00|-0.00|0.02|-0.00|-0.01|0.00|-0.00|0.00
11.03973937034607|0.81|0.00|-0.01|0.03|0.02|-0.01|0.00|-0.00|0.00
11.092630624771118|0.78|0.01|-0.01|-0.04|-0.00|-0.01|0.00|-0.00|0.00
11.1455078125|0.58|0.04|-0.05|-0.01|-0.01|-0.01|0.00|-0.00|0.00
11.194762229919434|0.79|0.01|0.03|0.02|-0.00|-0.01|0.00|-0.00|0.00
11.248666286468506|0.65|-0.00|-0.01|-0.01|0.01|-0.01|0.00|-0.00|0.00
11.297102212905884|0.42|0.02|0.01|0.01|0.01|-0.01|0.00|-0.00|0.00
11.346978902816772|0.59|0.00|0.03|-0.03|0.01|-0.01|0.00|-0.00|0.00
11.39577341079712|0.50|-0.01|0.02|0.00|-0.02|-0.01|0.00|-0.00|0.00
11.448923349380493|0.41|-0.02|0.01|-0.01|-0.01|-0.01|0.00|-0.00|0.00
11.5025155544281|0.31|-0.00|-0.03|0.01|-0.02|-0.01|0.00|-0.00|0.00
11.551224708557129|0.28|-0.00|0.00|0.01|0.03|-0.01|0.00|-0.00|0.00
11.604954242706299|0.23|-0.00|-0.01|-0.00|-0.03|-0.01|0.00|-0.00|0.00
11.654142141342163|0.03|-0.00|0.02|0.01|0.03|-0.01|0.00|-0.00|0.00
11.70739221572876|0.04|0.01|-0.02|-0.01|0.00|-0.01|0.00|-0.00|0.00
11.75622296333313|0.12|-0.01|0.01|-0.02|0.01|-0.01|0.00|-0.00|0.00
11.805286884307861|0.10|0.01|-0.02|0.00|-0.02|-0.01|0.00|-0.00|0.00
11.858808040618896|0.11|0.01|-0.01|0.00|0.00|-0.01|0.00|-0.00|0.00
11.908057451248169|0.11|0.01|0.01|0.00|-0.00|-0.01|0.00|-0.00|0.00
11.956964492797852|0.10|-0.01|0.03|-0.00|0.00|-0.01|0.00|-0.00|0.00
12.010347127914429|0.10|-0.01|-0.05|0.00|0.00|-0.01|0.00|-0.00|0.00
12.059187173843384|0.11|0.02|0.05|-0.01|0.00|-0.01|0.00|-0.00|0.00
12.108056545257568|0.11|-0.01|0.01|0.01|0.00|-0.01|0.00|-0.00|0.00
12.162027597427368|0.11|-0.00|-0.00|-0.01|-0.00|-0.01|0.00|-0.00|0.00
12.215251207351685|1.20|0.03|-0.02|0.00|-0.11|-0.01|0.00|-0.00|0.00
12.263320446014404|0.68|-0.02|0.02|-0.01|0.12|-0.01|0.00|-0.00|0.00
12.312733173370361|0.48|-0.01|0.01|0.01|-0.02|-0.01|0.00|-0.00|0.00
12.366621017456055|0.05|-0.00|0.01|-0.01|0.01|-0.01|0.00|-0.00|0.00
12.419806957244873|0.05|-0.00|-0.01|0.01|-0.01|-0.01|0.00|-0.00|0.00
12.46912693977356|0.05|-0.01|0.01|-0.02|0.00|-0.01|0.00|-0.00|0.00
12.521838665008545|0.07|0.02|-0.02|0.02|-0.00|-0.01|0.00|-0.00|0.00
12.571382284164429|0.10|-0.02|-0.00|0.01|-0.01|-0.01|0.00|-0.00|0.00
12.624238967895508|0.05|0.00|-0.00|-0.00|0.00|-0.01|0.00|-0.00|0.00
12.673108100891113|0.05|-0.00|0.00|0.01|0.01|-0.01|0.00|-0.00|0.00
12.727121353149414|0.05|-0.01|-0.01|-0.00|-0.02|-0.01|0.00|-0.00|0.00
12.776350975036621|0.05|-0.00|-0.01|0.00|0.00|-0.01|0.00|-0.00|0.00
12.82923173904419|0.05|-0.00|0.03|0.00|-0.00|-0.01|0.00|-0.00|0.00
12.878089427947998|0.05|0.02|-0.01|-0.01|0.01|-0.01|0.00|-0.00|0.00
12.92788028717041|0.04|0.02|-0.01|0.00|0.01|-0.01|0.00|-0.00|0.00
12.981112718582153|0.05|-0.00|0.01|-0.01|-0.01|-0.01|0.00|-0.00|0.00
13.029712438583374|0.04|-0.01|0.00|0.00|0.00|-0.01|0.00|-0.00|0.00
13.082455158233643|0.05|0.01|0.01|0.01|-0.01|-0.01|0.00|-0.00|0.00
13.132831335067749|0.05|-0.00|0.00|-0.01|0.01|-0.01|0.00|-0.00|0.00
13.185859441757202|0.05|0.02|-0.02|0.01|-0.01|-0.01|0.00|-0.00|0.00
13.243718385696411|0.07|-0.01|-0.00|-0.01|0.01|-0.01|0.00|-0.00|0.00
13.305583238601685|0.05|0.00|0.01|0.00|-0.00|-0.01|0.00|-0.00|0.00
13.368378639221191|0.07|-0.01|-0.02|-0.01|-0.00|-0.01|0.00|-0.00|0.00
13.39035415649414|0.04|0.01|0.00|0.00|-0.00|-0.01|0.00|-0.00|0.00
13.439679861068726|0.05|-0.01|-0.00|-0.00|0.00|-0.01|0.00|-0.00|0.00
13.492620706558228|0.04|-0.00|0.00|0.01|-0.00|-0.01|0.00|-0.00|0.00
13.550606489181519|0.04|-0.00|-0.00|-0.00|0.00|-0.01|0.00|-0.00|0.00
13.59449028968811|0.08|-0.00|-0.01|0.00|-0.00|-0.01|0.00|-0.00|0.00
13.64394998550415|0.05|0.01|0.00|0.00|0.00|-0.01|0.00|-0.00|0.00
13.697757720947266|0.05|-0.00|0.01|-0.01|-0.00|-0.01|0.00|-0.00|0.00
13.747103929519653|0.05|0.01|-0.02|0.01|-0.00|-0.01|0.00|-0.00|0.00
13.800081253051758|0.05|-0.02|0.03|0.00|0.00|-0.01|0.00|-0.00|0.00
13.84945034980774|0.05|0.00|-0.00|-0.00|0.00|-0.01|0.00|-0.00|0.00
13.902779340744019|0.05|0.01|-0.02|-0.01|-0.00|-0.01|0.00|-0.00|0.00
13.951929092407227|0.05|-0.00|0.01|0.01|-0.01|-0.01|0.00|-0.00|0.00
14.005085706710815|0.05|0.02|0.02|-0.01|-0.01|-0.01|0.00|-0.00|0.00
14.054213047027588|0.05|0.15|-0.03|0.01|0.02|-0.01|0.00|-0.00|0.00
14.103357791900635|0.05|-0.19|0.09|0.01|-0.03|-0.01|0.00|-0.00|0.00
14.152239322662354|0.05|-0.25|0.12|0.01|0.02|-0.01|0.00|-0.00|0.00
14.205581665039062|0.05|-0.08|0.20|-0.02|-0.03|-0.01|0.00|0.20|-0.02
14.254428148269653|0.05|-0.55|0.27|0.18|0.00|-0.01|0.00|0.65|0.03
14.308161973953247|0.07|0.48|-0.08|0.23|-0.03|-0.01|0.00|-0.16|-0.01
14.363789558410645|0.07|-0.03|0.17|0.14|0.16|-0.01|0.00|-0.39|-0.00
14.412651538848877|0.05|-0.04|-0.17|0.18|0.09|-0.01|0.00|-0.28|0.01
14.458994150161743|0.11|0.13|-0.16|-0.03|0.05|-0.01|0.00|-0.05|0.01
14.509141445159912|0.08|-0.10|0.13|-0.07|0.05|-0.01|0.00|0.04|0.00
14.562179565429688|0.05|0.38|-0.32|-0.30|-0.11|-0.01|0.00|0.16|0.01
14.615046739578247|0.07|-0.04|0.13|-0.26|-0.15|-0.01|0.00|-0.08|-0.00
14.667912006378174|0.07|0.02|-0.11|-0.05|-0.06|-0.01|0.00|-0.09|-0.01
14.718763589859009|0.05|0.26|0.06|0.06|0.05|-0.01|0.00|-0.01|0.00
14.766631364822388|0.09|0.20|0.17|-0.12|-0.05|-0.01|0.00|-0.01|0.00
14.815962791442871|0.07|-0.04|-0.10|0.00|0.01|-0.01|0.00|0.00|0.00
14.86831521987915|0.05|0.13|-0.15|-0.10|0.00|-0.01|0.00|-0.00|0.01
14.922568559646606|0.07|-0.14|-0.07|-0.08|-0.05|-0.01|0.00|-0.01|0.00
14.975780487060547|0.07|-0.09|0.01|-0.05|-0.01|-0.01|0.00|-0.18|-0.02
15.024970293045044|0.07|0.08|-0.19|0.13|0.02|-0.01|0.00|-0.06|-0.01
15.073828220367432|0.07|-0.05|0.16|0.04|0.06|-0.01|0.00|0.08|0.01
15.122647762298584|0.07|0.02|-0.03|0.05|0.03|-0.01|0.00|0.15|0.01
15.172240734100342|0.08|0.02|0.02|-0.14|0.09|-0.01|0.00|0.03|0.00
15.225090742111206|0.07|0.03|-0.04|0.14|-0.04|-0.01|0.00|0.01|-0.00
15.274580717086792|0.07|-0.01|-0.14|0.00|-0.09|-0.01|0.00|0.01|-0.00
15.327709436416626|0.05|-0.05|0.01|-0.07|-0.04|-0.01|0.00|-0.03|0.00
15.381260633468628|0.05|-0.09|0.03|-0.19|-0.00|-0.01|0.00|0.04|-0.00
15.42966079711914|0.08|-0.12|-0.03|0.21|0.09|-0.01|0.00|0.01|-0.01
15.478492021560669|0.05|0.04|-0.08|0.02|0.13|-0.01|0.00|-0.00|0.00
15.53220820426941|0.08|-0.02|-0.02|-0.00|-0.04|-0.01|0.00|-0.00|0.00
15.585619926452637|0.07|0.08|-0.07|0.00|-0.04|-0.01|0.00|0.00|0.00
15.634157419204712|0.05|0.01|0.01|-0.10|-0.05|-0.01|0.00|0.00|-0.00
15.688454389572144|0.08|0.05|-0.02|-0.01|-0.00|-0.01|0.00|-0.00|-0.00
15.737174987792969|0.05|0.01|-0.04|0.07|0.01|-0.01|0.00|-0.00|-0.00
15.789097547531128|0.07|0.01|0.03|0.03|0.01|-0.01|0.00|-0.00|0.00
15.840954303741455|0.05|-0.10|0.03|-0.01|-0.05|-0.01|0.00|0.00|0.00
15.893113374710083|0.05|-0.07|0.01|-0.01|-0.02|-0.01|0.00|-0.00|-0.00
15.941453456878662|0.08|0.00|0.06|-0.00|-0.01|-0.01|0.00|0.01|0.00
15.991270542144775|0.05|-0.04|0.06|0.04|-0.01|-0.01|0.00|0.00|-0.00
16.04477882385254|0.08|0.00|0.02|-0.07|-0.01|-0.01|0.00|-0.01|0.00
16.09371328353882|0.05|0.00|-0.07|0.01|0.00|-0.01|0.00|0.02|-0.00
16.147007703781128|0.07|0.05|-0.02|-0.02|0.00|-0.01|0.00|0.04|-0.00
16.19558095932007|0.07|-0.02|0.08|-0.00|-0.01|-0.01|0.00|0.07|0.00
16.24536371231079|0.07|0.01|-0.02|-0.02|-0.03|-0.01|0.00|0.07|0.00
16.298794984817505|0.07|0.02|-0.01|0.03|0.02|-0.01|0.00|0.05|-0.00
16.347093105316162|0.07|0.04|-0.01|-0.09|0.04|-0.01|0.00|0.03|0.00
16.396880865097046|0.08|-0.13|0.11|-0.08|-0.02|-0.01|0.00|0.07|0.00
16.450260162353516|0.05|-0.17|0.08|-0.02|-0.01|-0.01|0.00|-0.01|-0.00
16.502578020095825|0.07|0.15|-0.02|0.23|-0.01|-0.01|0.00|-0.11|-0.03
16.555704832077026|0.05|-0.24|0.16|0.54|-0.05|-0.01|0.00|-0.14|-0.01
16.60530376434326|0.08|-0.36|0.18|0.06|0.08|-0.01|0.00|0.18|0.01
16.6549232006073|0.05|-0.07|-0.20|0.43|-0.01|-0.01|0.00|0.12|0.01
16.70431160926819|0.07|0.09|0.08|0.13|0.18|-0.01|0.00|-0.11|0.02
16.752726078033447|0.05|0.09|0.06|-0.49|0.09|-0.01|0.00|-0.07|0.00
16.80653190612793|0.07|0.12|-0.04|-0.36|0.07|-0.01|0.00|-0.01|-0.01
16.859926223754883|0.07|0.15|0.17|-0.12|-0.16|-0.01|0.00|-0.19|-0.02
16.909009218215942|0.05|-0.27|0.06|0.17|-0.00|-0.01|0.00|-0.01|-0.00
16.961596488952637|0.08|-0.02|-0.16|0.04|-0.03|-0.01|0.00|-0.00|0.00
17.011425733566284|0.05|0.14|-0.30|0.21|-0.06|-0.01|0.00|0.01|0.01
17.064306259155273|0.08|0.16|-0.19|-0.08|-0.04|-0.01|0.00|0.00|0.01
17.117161989212036|0.07|-0.07|-0.00|-0.23|-0.00|-0.01|0.00|-0.00|-0.00
17.17086935043335|0.08|-0.18|-0.08|-0.23|-0.04|-0.01|0.00|-0.00|-0.00
17.22377371788025|0.07|0.29|0.10|-0.11|0.05|-0.01|0.00|-0.00|-0.00
17.273769855499268|0.07|0.06|0.05|-0.37|-0.06|-0.01|0.00|-0.00|0.01
17.326646089553833|0.08|0.27|0.01|-0.02|-0.08|-0.01|0.00|-0.00|-0.00
17.375850915908813|0.05|0.16|0.01|0.13|0.19|-0.01|0.00|0.00|-0.01
17.4251868724823|0.07|-0.09|0.08|0.64|0.07|-0.01|0.00|0.01|0.01
17.473249197006226|0.07|0.03|0.08|-0.16|0.39|-0.01|0.00|0.17|0.01
17.52297019958496|0.07|-0.13|-0.05|0.20|-0.15|-0.01|0.00|0.20|0.00
17.576603889465332|0.07|0.00|-0.15|-0.06|-0.32|-0.01|0.00|-0.28|-0.00
17.629515886306763|0.05|-0.03|0.08|-0.23|-0.01|-0.01|0.00|0.01|-0.00
17.682169437408447|0.08|0.03|-0.03|-0.05|-0.08|-0.01|0.00|-0.04|-0.01
17.731873512268066|0.05|0.01|0.08|-0.15|-0.08|-0.01|0.00|-0.06|0.00
17.785192251205444|0.08|0.02|-0.09|-0.06|-0.08|-0.01|0.00|0.01|-0.01
17.83804154396057|0.05|-0.01|-0.03|-0.12|-0.12|-0.01|0.00|0.00|-0.01
17.89184832572937|0.08|-0.09|-0.00|-0.25|0.10|-0.01|0.00|0.05|-0.01
17.94120740890503|0.05|-0.03|0.03|-0.47|-0.18|-0.01|0.00|0.20|-0.00
17.994222402572632|0.07|-0.01|-0.01|0.09|0.23|-0.01|0.00|0.11|0.00
18.04354953765869|0.07|0.04|-0.04|0.31|-0.00|-0.01|0.00|-0.31|0.03
18.09683060646057|0.05|0.06|-0.02|-0.63|0.01|-0.01|0.00|-0.08|-0.01
18.145987272262573|0.07|0.02|-0.03|0.14|-0.20|-0.01|0.00|0.01|-0.01
18.199202299118042|0.07|-0.00|-0.06|0.26|-0.25|-0.01|0.00|-0.02|0.00
18.248340129852295|0.07|-0.03|0.05|0.53|0.24|-0.01|0.00|-0.00|0.00
18.301020622253418|0.05|-0.04|0.10|-0.06|0.03|-0.01|0.00|-0.19|0.00
18.34580421447754|0.07|0.01|0.06|0.47|0.36|-0.01|0.00|0.21|0.00
18.395743131637573|0.07|0.02|-0.00|0.07|-0.05|-0.01|0.00|0.06|0.01
18.449057817459106|0.07|0.09|-0.04|0.62|0.12|-0.01|0.00|-0.05|-0.03
18.49832320213318|0.07|0.01|-0.07|0.27|-0.15|-0.01|0.00|-0.44|0.03
18.55088782310486|0.07|-0.05|0.01|-0.07|-0.27|-0.01|0.00|-0.51|0.02
18.60420536994934|0.05|-0.04|0.00|0.18|-0.40|-0.01|0.00|0.48|-0.01
18.65280270576477|0.08|-0.03|0.07|-0.21|0.46|-0.01|0.00|-0.56|-0.00
18.70280623435974|0.05|0.03|-0.04|0.09|0.42|-0.01|0.00|0.28|-0.01
18.75629472732544|0.07|0.04|-0.00|-0.41|0.02|-0.01|0.00|0.26|0.01
18.80462145805359|0.07|-0.00|0.03|-0.24|-0.11|-0.01|0.00|0.01|-0.02
18.854169607162476|0.08|-0.00|0.02|0.04|0.00|-0.01|0.00|0.09|0.01
18.90708589553833|0.05|0.02|-0.01|0.03|0.06|-0.01|0.00|-0.28|-0.01
18.958901405334473|0.07|-0.04|0.01|-0.11|-0.01|-0.01|0.00|0.23|0.01
19.01005792617798|0.05|0.01|-0.03|-0.49|-0.13|-0.01|0.00|-0.26|-0.02
19.062448740005493|0.07|-0.01|0.00|0.01|-0.01|-0.01|0.00|-0.64|-0.01
19.116015434265137|0.07|0.06|-0.02|-0.54|-0.08|-0.01|0.00|0.06|-0.05
19.165841341018677|0.07|-0.03|0.02|0.35|0.09|-0.01|0.00|0.28|0.05
19.21452808380127|0.07|0.01|-0.03|0.05|0.01|-0.01|0.00|-0.57|-0.02
19.26407265663147|0.07|0.03|-0.01|0.30|0.02|-0.01|0.00|-0.09|0.05
19.316484689712524|0.08|-0.02|0.05|-0.02|0.01|-0.01|0.00|0.02|-0.03
19.366496324539185|0.07|-0.05|0.04|0.34|0.02|-0.01|0.00|0.47|0.00
19.415730714797974|0.08|-0.01|-0.02|-0.17|0.01|-0.01|0.00|0.08|0.05
19.468671321868896|0.08|-0.02|-0.02|-0.05|-0.02|-0.01|0.00|0.39|-0.04
19.517543077468872|0.07|-0.01|0.00|-0.06|0.01|-0.01|0.00|0.28|0.02
19.567481994628906|0.07|0.03|0.01|0.08|0.05|-0.01|0.00|-0.15|0.01
19.619735956192017|0.08|0.05|0.02|-0.11|-0.01|-0.01|0.00|-0.22|-0.02
19.669113397598267|0.07|0.01|-0.01|-0.02|0.13|-0.01|0.00|0.09|0.01
19.722500324249268|0.08|-0.05|0.01|-0.01|-0.12|-0.01|0.00|0.32|-0.01
19.776262283325195|0.07|-0.00|0.01|-0.08|-0.07|-0.01|0.00|-0.09|-0.01
19.82528066635132|0.09|-0.02|-0.01|0.01|-0.13|-0.01|0.00|0.29|0.01
19.877832889556885|0.05|0.00|-0.00|0.02|-0.00|-0.01|0.00|-0.36|-0.01
19.927590131759644|0.08|0.02|-0.04|0.40|0.24|-0.01|0.00|-0.26|-0.01
19.98051142692566|0.05|0.06|-0.01|-0.05|0.18|-0.01|0.00|0.16|0.03
20.029855489730835|0.08|-0.03|0.02|0.06|0.01|-0.01|0.00|0.43|-0.01
20.083157300949097|0.04|-0.03|-0.01|-0.22|-0.08|-0.01|0.00|0.03|0.01
20.13242483139038|0.08|0.01|0.01|-0.18|-0.08|-0.01|0.00|-0.30|0.00
20.18557095527649|0.07|-0.02|-0.00|0.25|-0.01|-0.01|0.00|-0.25|-0.00
20.238088369369507|0.08|0.01|0.00|-0.21|-0.07|-0.01|0.00|-0.16|-0.02
20.28754425048828|0.05|-0.01|-0.01|0.02|0.12|-0.01|0.00|0.03|-0.01
20.336458921432495|0.07|0.00|0.00|-0.15|0.04|-0.01|0.00|0.19|0.00
20.389936208724976|0.05|-0.00|-0.00|-0.06|-0.04|-0.01|0.00|-0.00|0.00
20.43881630897522|0.08|0.00|0.00|0.16|-0.10|-0.01|0.00|0.07|-0.00
20.492830276489258|0.07|-0.00|0.02|-0.02|-0.08|-0.01|0.00|-0.21|-0.00
20.54588007926941|0.08|-0.04|-0.01|0.04|-0.09|-0.01|0.00|0.13|0.01
20.599267721176147|0.07|-0.01|-0.02|-0.07|-0.02|-0.01|0.00|-0.19|-0.00
20.648361444473267|0.08|0.02|-0.02|0.03|0.03|-0.01|0.00|-0.00|0.00
20.70156455039978|0.05|-0.00|0.05|0.18|0.02|-0.01|0.00|-0.00|-0.01
20.750702142715454|0.08|0.01|0.01|0.22|0.10|-0.01|0.00|-0.02|0.01
20.795241355895996|0.05|0.01|-0.01|0.05|0.06|-0.01|0.00|0.22|0.02
20.84928297996521|0.08|-0.03|-0.00|0.10|0.05|-0.01|0.00|0.48|-0.00
20.90133762359619|0.07|-0.01|-0.02|-0.24|0.18|-0.01|0.00|0.15|-0.00
20.95097827911377|0.08|0.00|0.02|-0.09|0.06|-0.01|0.00|0.02|-0.01
21.000733613967896|0.05|0.04|-0.00|0.48|0.02|-0.01|0.00|-0.02|0.01
21.049956560134888|0.07|0.00|0.01|-0.18|-0.05|-0.01|0.00|0.03|0.00
21.10311222076416|0.05|-0.01|-0.01|-0.39|-0.15|-0.01|0.00|0.09|-0.01
21.15635395050049|0.08|-0.02|0.02|-0.23|-0.16|-0.01|0.00|0.03|-0.01
21.205228090286255|0.07|-0.01|-0.02|0.06|0.19|-0.01|0.00|0.21|0.00
21.254525184631348|0.08|0.01|0.02|0.18|0.01|-0.01|0.00|0.59|0.01
21.303366899490356|0.05|0.01|-0.01|0.18|-0.03|-0.01|0.00|0.02|-0.00
21.352140426635742|0.07|0.03|0.00|0.26|0.12|-0.01|0.00|-0.05|0.00
21.406505823135376|0.07|0.01|-0.01|-0.26|-0.13|-0.01|0.00|-0.43|-0.00
21.459351778030396|0.07|-0.00|0.02|-0.10|0.13|-0.01|0.00|-0.42|-0.00
21.512032747268677|0.08|-0.00|0.02|-0.05|0.02|-0.01|0.00|-0.23|-0.00
21.56588339805603|0.07|-0.01|-0.02|-0.17|-0.14|-0.01|0.00|-0.40|-0.00
21.614938020706177|0.07|0.02|-0.01|0.29|-0.04|-0.01|0.00|-0.18|0.00
21.668484449386597|0.07|-0.01|0.02|-0.29|-0.05|-0.01|0.00|-0.17|-0.00
21.717607021331787|0.07|-0.01|0.01|0.13|-0.03|-0.01|0.00|0.37|0.00
21.770720958709717|0.07|-0.03|-0.01|-0.29|-0.10|-0.01|0.00|0.15|-0.01
21.824100255966187|0.07|-0.01|-0.02|0.09|-0.05|-0.01|0.00|0.28|0.01
21.872509717941284|0.05|-0.00|-0.01|0.04|0.02|-0.01|0.00|0.10|0.00
21.92201328277588|0.08|-0.00|0.02|0.01|0.08|-0.01|0.00|-0.04|0.00
21.975369215011597|0.07|0.01|0.03|-0.14|-0.06|-0.01|0.00|-0.02|0.00
22.024313926696777|0.08|0.00|-0.01|0.09|-0.02|-0.01|0.00|-0.01|-0.00
22.077240705490112|0.05|0.02|-0.00|0.08|-0.00|-0.01|0.00|0.03|0.00
22.127071380615234|0.08|-0.04|-0.00|-0.06|0.01|-0.01|0.00|0.03|0.00
22.180301189422607|0.07|-0.01|0.01|-0.00|0.03|-0.01|0.00|0.04|-0.00
22.228973150253296|0.07|0.02|0.00|0.04|0.01|-0.01|0.00|0.01|-0.00
22.278069257736206|0.07|-0.00|-0.03|-0.01|-0.04|-0.01|0.00|0.01|0.00
22.331970930099487|0.07|-0.00|-0.01|0.04|-0.01|-0.01|0.00|-0.01|0.00
22.384610891342163|0.08|-0.00|-0.02|-0.02|-0.02|-0.01|0.00|-0.02|0.00
22.433459520339966|0.07|-0.01|0.04|0.02|0.00|-0.01|0.00|0.03|0.00
22.48354434967041|0.07|0.02|0.03|-0.07|-0.01|-0.01|0.00|0.01|0.00
22.532383918762207|0.07|0.02|0.03|0.03|0.00|-0.01|0.00|0.14|0.01
22.58085823059082|0.07|-0.02|-0.00|0.02|0.07|-0.01|0.00|-0.09|-0.00
22.63399910926819|0.07|-0.02|0.01|0.07|0.02|-0.01|0.00|-0.07|-0.01
22.684120655059814|0.07|0.08|0.03|0.05|0.10|-0.01|0.00|0.00|0.00
22.7327983379364|0.07|-0.06|-0.03|0.01|-0.10|-0.01|0.00|-0.01|0.00
22.78565263748169|0.08|0.04|-0.00|-0.16|-0.05|-0.01|0.00|0.00|-0.00
22.838754415512085|0.07|-0.06|0.04|-0.00|-0.01|-0.01|0.00|0.01|-0.00
22.888624668121338|0.08|0.02|-0.01|0.03|0.02|-0.01|0.00|-0.00|0.00
22.94201898574829|0.05|-0.01|0.04|-0.05|-0.02|-0.01|0.00|0.01|-0.00
22.991219520568848|0.08|-0.02|-0.06|0.00|0.09|-0.01|0.00|-0.01|0.00
23.04472327232361|0.07|-0.02|-0.07|-0.12|-0.06|-0.01|0.00|0.00|-0.00
23.09727430343628|0.07|0.04|-0.02|0.13|-0.12|-0.01|0.00|0.00|-0.00
23.14914298057556|0.07|-0.00|0.05|0.24|0.01|-0.01|0.00|-0.00|0.00
23.20191478729248|0.07|-0.02|-0.01|-0.10|0.06|-0.01|0.00|0.00|0.00
23.25375533103943|0.07|-0.01|-0.02|-0.05|0.07|-0.01|0.00|0.08|0.00
23.301632404327393|0.05|-0.01|-0.01|-0.10|0.06|-0.01|0.00|-0.06|-0.00
23.351092100143433|0.07|0.02|0.00|-0.03|-0.05|-0.01|0.00|-0.03|-0.00
23.404778242111206|0.05|-0.01|0.01|0.08|-0.03|-0.01|0.00|0.00|-0.00
23.454375505447388|0.08|-0.00|-0.02|0.04|-0.02|-0.01|0.00|0.00|0.00
23.503084659576416|0.05|0.02|-0.02|0.05|0.01|-0.01|0.00|0.00|-0.00
23.55651879310608|0.08|-0.01|0.01|-0.04|0.06|-0.01|0.00|-0.00|0.00
23.60938334465027|0.05|0.00|-0.00|-0.12|-0.01|-0.01|0.00|-0.00|-0.00
23.66224217414856|0.10|-0.01|-0.00|-0.07|-0.03|-0.01|0.00|0.00|-0.00
23.711148738861084|0.15|0.02|0.00|0.15|-0.02|-0.01|0.00|-0.00|0.00
23.76521134376526|0.16|0.01|0.03|-0.00|-0.05|-0.01|0.00|-0.00|0.00
23.814554452896118|0.12|-0.01|-0.02|-0.06|-0.08|-0.01|0.00|0.00|-0.00
23.867795705795288|0.07|-0.03|-0.01|-0.09|-0.04|-0.01|0.00|0.00|-0.00
23.92042088508606|0.09|-0.00|-0.02|-0.05|-0.03|-0.01|0.00|0.38|0.01
23.973509311676025|0.09|-0.01|0.01|-0.22|-0.05|-0.01|0.00|1.00|-0.01
24.028029203414917|0.07|-0.02|0.02|-0.27|-0.25|-0.01|0.00|0.62|-0.00
24.08287739753723|0.07|0.03|-0.00|0.16|-0.02|-0.01|0.00|-0.25|-0.03
24.131781816482544|0.07|0.01|-0.02|0.19|0.30|-0.01|0.00|-0.35|0.03
24.178630113601685|0.05|0.04|-0.03|0.12|0.04|-0.01|0.00|-0.31|0.03
24.228363275527954|0.08|0.01|0.03|0.16|0.17|-0.01|0.00|-0.27|0.01
24.277238130569458|0.05|-0.03|0.01|-0.36|0.11|-0.01|0.00|-0.25|-0.01
24.33114004135132|0.08|0.03|0.03|-0.02|0.06|-0.01|0.00|-0.32|-0.01
24.384098529815674|0.07|-0.00|-0.02|0.15|0.01|-0.01|0.00|-0.40|-0.01
24.432006359100342|0.08|-0.00|0.02|0.22|-0.13|-0.01|0.00|-0.12|0.00
24.4862802028656|0.12|-0.01|-0.02|0.11|-0.05|-0.01|0.00|-0.29|-0.00
24.535613536834717|0.09|0.00|-0.00|0.14|0.02|-0.01|0.00|0.06|-0.00
24.58422875404358|0.12|-0.03|0.00|-0.10|0.08|-0.01|0.00|0.19|0.02
24.637089490890503|0.09|0.02|-0.01|-0.16|-0.04|-0.01|0.00|0.27|-0.00
24.691134691238403|0.10|0.03|-0.02|-0.03|-0.03|-0.01|0.00|0.01|-0.00
24.74028730392456|0.07|0.01|0.04|0.08|-0.05|-0.01|0.00|0.01|-0.00
24.789119958877563|0.08|-0.01|0.02|-0.01|0.03|-0.01|0.00|-0.00|0.00
24.841808795928955|0.05|-0.02|0.02|0.06|-0.03|-0.01|0.00|0.02|0.00
24.89156746864319|0.07|0.02|-0.03|-0.01|0.01|-0.01|0.00|-0.02|-0.00
24.9447922706604|0.05|-0.02|0.03|-0.03|0.01|-0.01|0.00|0.02|-0.00
24.994117975234985|0.08|-0.00|0.00|0.01|0.01|-0.01|0.00|0.12|-0.00
25.043125867843628|0.07|0.01|-0.00|0.02|-0.01|-0.01|0.00|-0.01|0.00
25.09643816947937|0.08|-0.01|-0.01|0.02|-0.02|-0.01|0.00|-0.05|-0.00
25.1498064994812|0.07|-0.00|-0.02|0.02|-0.01|-0.01|0.00|-0.07|-0.00
25.203049659729004|0.08|0.01|-0.01|-0.04|-0.01|-0.01|0.00|-0.01|-0.00
25.2559597492218|0.09|0.02|-0.03|-0.04|0.01|-0.01|0.00|-0.01|-0.00
25.307833194732666|0.07|0.03|0.05|0.02|-0.02|-0.01|0.00|-0.01|0.00
25.358067512512207|0.07|-0.03|-0.03|-0.08|-0.06|-0.01|0.00|0.08|-0.00
25.411431789398193|0.08|0.04|-0.06|-0.21|-0.04|-0.01|0.00|0.04|-0.00
25.46494436264038|0.07|0.08|0.04|-0.21|-0.08|-0.01|0.00|-0.01|-0.00
25.514134407043457|0.07|-0.34|0.64|0.01|0.10|-0.01|0.00|0.91|-0.00
25.56340718269348|0.09|-0.76|0.38|0.73|-0.05|-0.01|0.00|0.57|0.04
25.61665678024292|0.08|0.36|-0.45|0.77|-0.09|-0.01|0.00|-0.63|0.02
25.66905903816223|0.09|0.54|-0.43|-0.65|-0.03|-0.01|0.00|-0.67|-0.02
25.71918225288391|0.08|0.22|-0.29|-0.30|0.13|-0.01|0.00|-0.29|-0.02
25.77244758605957|0.08|-0.14|0.00|-0.02|0.12|-0.01|0.00|-0.10|0.00
25.821486949920654|0.07|-0.01|0.11|-0.03|0.08|-0.01|0.00|0.09|-0.01
25.873714685440063|0.08|-0.06|0.07|-0.20|0.03|-0.01|0.00|0.09|-0.01
25.923990964889526|0.07|0.00|-0.02|-0.02|0.02|-0.01|0.00|0.05|-0.00
25.97705078125|0.08|0.11|-0.17|-0.08|0.05|-0.01|0.00|-0.14|-0.00
26.02609348297119|0.09|-0.02|0.01|0.38|0.14|-0.01|0.00|-0.02|0.03
26.075331211090088|0.07|-0.03|-0.06|0.32|0.04|-0.01|0.00|0.01|0.00
26.124247550964355|0.09|0.06|0.09|0.19|-0.01|-0.01|0.00|0.01|-0.02
26.178102731704712|0.07|-0.00|0.02|0.08|-0.05|-0.01|0.00|0.01|0.01
26.226802587509155|0.09|-0.05|0.05|-0.13|-0.11|-0.01|0.00|-0.01|0.00
26.280248403549194|0.09|-0.09|0.12|0.05|-0.09|-0.01|0.00|-0.01|-0.01
26.333170413970947|0.09|-0.08|0.14|-0.06|-0.08|-0.01|0.00|-0.01|0.01
26.38269591331482|0.09|0.09|-0.04|-0.35|-0.03|-0.01|0.00|0.14|-0.01
26.43110990524292|0.08|-0.06|0.15|0.02|0.10|-0.01|0.00|0.14|0.00
26.484079837799072|0.08|0.04|-0.06|-0.59|0.13|-0.01|0.00|0.09|0.00
26.53427481651306|0.09|0.08|-0.12|0.09|-0.00|-0.01|0.00|0.02|-0.02
26.587111711502075|0.07|0.02|-0.19|0.15|-0.11|-0.01|0.00|-0.16|-0.00
26.636040687561035|0.09|-0.01|0.07|0.17|-0.01|-0.01|0.00|0.02|0.00
26.685478925704956|0.10|-0.05|0.01|0.04|-0.03|-0.01|0.00|0.03|0.00
26.739066123962402|0.08|-0.05|-0.02|-0.06|-0.02|-0.01|0.00|0.03|0.00
26.79141402244568|0.10|0.01|-0.00|-0.01|-0.02|-0.01|0.00|0.00|-0.00
26.840694904327393|0.09|0.00|0.00|0.08|-0.03|-0.01|0.00|-0.01|0.00
26.89013648033142|0.07|0.01|-0.01|0.01|-0.01|-0.01|0.00|-0.01|0.00
26.939518451690674|0.09|0.02|0.00|-0.02|0.05|-0.01|0.00|0.02|-0.00
26.99270796775818|0.07|0.02|-0.05|0.03|-0.07|-0.01|0.00|-0.05|-0.00
27.04608154296875|0.09|-0.01|0.01|-0.00|0.05|-0.01|0.00|-0.13|-0.01
27.095195293426514|0.08|0.00|0.01|-0.04|0.02|-0.01|0.00|0.11|0.00
27.143622875213623|0.08|0.01|-0.00|0.01|0.00|-0.01|0.00|0.07|0.00
27.193089723587036|0.08|-0.00|0.03|0.02|-0.02|-0.01|0.00|0.00|0.00
27.242267608642578|0.08|-0.01|0.01|0.02|-0.01|-0.01|0.00|0.00|-0.00
27.296154737472534|0.08|-0.00|-0.00|-0.01|0.01|-0.01|0.00|0.00|-0.00
27.34880805015564|0.09|0.01|-0.02|-0.01|-0.03|-0.01|0.00|-0.00|0.00
27.39771604537964|0.08|0.06|-0.00|-0.04|0.02|-0.01|0.00|0.01|0.00
27.451521158218384|0.08|-0.03|-0.02|0.00|-0.06|-0.01|0.00|-0.02|-0.00
27.500426769256592|0.07|0.01|-0.01|0.01|0.05|-0.01|0.00|0.01|-0.00
27.55394744873047|0.08|-0.03|0.00|-0.10|-0.13|-0.01|0.00|0.01|0.00
27.603307008743286|0.09|0.02|-0.01|-0.15|0.01|-0.01|0.00|0.02|-0.00
27.651638984680176|0.07|0.07|0.01|0.06|0.03|-0.01|0.00|-0.02|-0.00
27.705382347106934|0.08|-0.04|-0.10|-0.26|0.03|-0.01|0.00|-0.00|0.00
27.757752895355225|0.08|0.10|-0.02|-0.03|0.01|-0.01|0.00|-0.00|0.01
27.808156728744507|0.09|-0.01|0.03|0.11|0.02|-0.01|0.00|-0.01|0.04
27.856337308883667|0.07|0.01|0.07|-0.12|-0.05|-0.01|0.00|0.03|-0.06
27.910051822662354|0.08|-0.03|-0.01|0.09|-0.07|-0.01|0.00|0.07|-0.01
27.95896029472351|0.09|-0.04|0.03|-0.03|-0.02|-0.01|0.00|0.08|0.01
28.008445978164673|0.07|-0.09|0.17|0.55|0.07|-0.01|0.00|0.50|0.01
28.05787944793701|0.08|-0.05|0.06|0.64|0.04|-0.01|0.00|0.07|0.01
28.10686683654785|0.07|-0.24|0.17|0.70|-0.31|-0.01|0.00|0.25|0.03
28.160051822662354|0.08|0.01|-0.39|-0.71|0.26|-0.01|0.00|-0.56|0.02
28.21293807029724|0.09|0.17|0.08|-0.67|-0.08|-0.01|0.00|-0.41|-0.05
28.261818885803223|0.08|0.15|-0.09|-0.48|0.11|-0.01|0.00|0.01|0.01
28.31568217277527|0.09|0.06|0.42|-0.15|-0.00|-0.01|0.00|-0.19|-0.03
28.36491084098816|0.07|0.10|-0.62|-0.06|-0.01|-0.01|0.00|0.10|-0.01
28.418102502822876|0.08|-0.04|-0.08|-0.04|0.03|-0.01|0.00|0.10|0.00
28.467285871505737|0.07|-0.03|0.03|0.30|-0.01|-0.01|0.00|0.01|-0.00
28.520196437835693|0.09|-0.05|0.13|0.14|-0.07|-0.01|0.00|-0.01|0.02
28.569963693618774|0.07|-0.06|0.09|0.13|0.06|-0.01|0.00|-0.01|0.00
28.618836402893066|0.08|0.01|-0.03|0.13|-0.02|-0.01|0.00|-0.00|0.00
28.667434453964233|0.08|-0.04|0.07|0.08|0.02|-0.01|0.00|-0.01|0.01
28.72145938873291|0.09|0.13|-0.06|-0.04|0.01|-0.01|0.00|-0.01|-0.00
28.77471947669983|0.07|-0.10|0.02|-0.01|0.01|-0.01|0.00|-0.01|0.00
28.822837114334106|0.07|-0.00|0.04|0.00|0.02|-0.01|0.00|-0.01|0.00
28.874699354171753|0.08|-0.02|-0.04|0.03|0.01|-0.01|0.00|-0.01|0.00
28.926097631454468|0.07|-0.02|0.06|-0.03|-0.01|-0.01|0.00|-0.01|0.00
28.97493600845337|0.09|0.01|-0.07|-0.06|0.06|-0.01|0.00|-0.01|0.00
29.028464794158936|0.08|0.02|-0.00|-0.07|-0.01|-0.01|0.00|-0.00|-0.00
29.081735610961914|0.09|0.05|-0.05|0.02|-0.04|-0.01|0.00|-0.00|-0.00
29.13090229034424|0.07|-0.15|0.23|0.19|0.08|-0.01|0.00|0.07|0.01
29.180116653442383|0.08|-0.09|0.15|0.25|0.07|-0.01|0.00|0.06|0.01
29.229044914245605|0.07|0.08|0.00|0.15|-0.06|-0.01|0.00|0.12|0.01
29.2825448513031|0.08|-0.10|0.02|-0.31|-0.02|-0.01|0.00|-0.22|0.00
29.335381269454956|0.08|0.07|-0.10|-0.02|-0.00|-0.01|0.00|-0.00|-0.01
29.38425874710083|0.07|0.07|-0.15|-0.16|-0.04|-0.01|0.00|0.08|-0.01
29.437072038650513|0.08|0.11|-0.07|0.00|-0.03|-0.01|0.00|-0.11|0.00
29.48704242706299|0.08|0.00|0.04|0.02|0.03|-0.01|0.00|-0.02|-0.00
29.535752058029175|0.08|-0.10|0.11|0.07|0.05|-0.01|0.00|0.04|-0.00
29.584819555282593|0.07|-0.04|0.11|0.28|-0.04|-0.01|0.00|0.23|0.01
29.63861083984375|0.09|-0.03|-0.04|-0.06|-0.09|-0.01|0.00|0.02|0.01
29.69117784500122|0.07|0.09|-0.18|-0.07|-0.08|-0.01|0.00|-0.15|-0.01
29.740715265274048|0.08|0.03|-0.02|-0.25|0.14|-0.01|0.00|0.07|0.00
29.789623022079468|0.09|0.01|-0.06|0.00|0.02|-0.01|0.00|0.01|0.01
29.84287405014038|0.07|-0.05|0.09|-0.19|0.00|-0.01|0.00|-0.21|-0.01
29.895691871643066|0.08|0.02|-0.03|0.06|0.02|-0.01|0.00|-0.03|-0.01
29.94583797454834|0.08|-0.07|0.02|0.02|-0.00|-0.01|0.00|-0.02|-0.00
29.999101638793945|0.07|-0.06|-0.02|0.02|-0.05|-0.01|0.00|0.01|-0.00
30.05101442337036|0.09|0.03|-0.03|-0.07|-0.01|-0.01|0.00|0.02|0.00
30.102134466171265|0.07|-0.15|0.03|-0.14|0.01|-0.01|0.00|0.01|-0.00
30.15397334098816|0.08|0.11|-0.10|-0.01|-0.05|-0.01|0.00|0.16|-0.00
30.20413589477539|0.08|-0.00|0.08|0.10|-0.02|-0.01|0.00|0.26|-0.00
30.253376722335815|0.07|0.12|-0.12|0.03|0.05|-0.01|0.00|-0.09|0.01
30.306227207183838|0.08|0.01|0.23|0.17|-0.00|-0.01|0.00|-0.04|-0.00
30.35909366607666|0.07|-0.01|0.01|-0.01|-0.02|-0.01|0.00|-0.06|-0.00
30.407917976379395|0.07|-0.08|0.04|0.15|0.00|-0.01|0.00|-0.07|0.00
30.457759141921997|0.08|0.16|-0.04|-0.02|0.07|-0.01|0.00|0.14|-0.00
30.50681972503662|0.07|0.23|-0.08|0.26|-0.01|-0.01|0.00|0.33|0.02
30.558117628097534|0.08|0.01|0.14|0.17|0.08|-0.01|0.00|-0.29|0.00
30.609288215637207|0.08|-0.12|0.02|-0.43|0.05|-0.01|0.00|-0.02|-0.00
30.661980867385864|0.08|0.12|0.09|-0.07|0.03|-0.01|0.00|-0.06|-0.01
30.715752840042114|0.09|-0.05|-0.15|-0.04|0.15|-0.01|0.00|-0.27|-0.00
30.769038677215576|0.09|-0.10|0.28|-0.01|-0.07|-0.01|0.00|-0.01|-0.01
30.81826639175415|0.10|0.13|-0.16|0.05|-0.11|-0.01|0.00|-0.00|0.00
30.871180295944214|0.08|-0.35|-0.06|0.30|-0.05|-0.01|0.00|-0.10|0.02
30.920928716659546|0.09|0.00|-0.20|-0.14|-0.10|-0.01|0.00|-0.30|0.00
30.973738431930542|0.09|0.22|-0.31|-0.75|-0.22|-0.01|0.00|0.41|0.00
31.02599024772644|0.07|-0.01|0.21|-0.21|0.00|-0.01|0.00|0.62|-0.03
31.075875520706177|0.08|0.18|-0.07|0.50|-0.06|-0.01|0.00|-0.12|-0.01
31.125262022018433|0.08|-0.13|0.18|0.39|0.12|-0.01|0.00|-0.47|0.03
31.178001165390015|0.08|-0.23|0.24|0.04|0.20|-0.01|0.00|-0.16|-0.01
31.22761082649231|0.08|0.10|0.03|-0.00|0.03|-0.01|0.00|0.18|0.02
31.276904582977295|0.08|-0.02|0.03|-0.14|0.05|-0.01|0.00|0.07|-0.01
31.33038067817688|0.09|-0.15|0.17|0.20|0.24|-0.01|0.00|-0.02|-0.01
31.38328266143799|0.09|0.03|-0.01|-0.17|0.26|-0.01|0.00|-0.08|-0.00
31.428510189056396|0.08|0.07|0.09|0.11|0.09|-0.01|0.00|0.14|-0.00
31.482024431228638|0.09|-0.07|-0.10|0.14|0.00|-0.01|0.00|0.17|-0.00
31.53132200241089|0.09|0.20|-0.09|-0.45|0.10|-0.01|0.00|-0.16|-0.01
31.58435320854187|0.09|0.08|0.06|-0.16|-0.30|-0.01|0.00|-0.18|-0.02
31.63736915588379|0.09|-0.19|-0.14|0.09|-0.11|-0.01|0.00|-0.67|-0.01
31.686598777770996|0.08|0.11|-0.24|0.09|-0.34|-0.01|0.00|0.00|-0.01
31.740168571472168|0.09|-0.21|-0.05|0.24|-0.16|-0.01|0.00|0.60|0.02
31.78891110420227|0.08|-0.15|-0.17|0.20|-0.04|-0.01|0.00|0.06|0.00
31.837804794311523|0.08|0.12|0.07|-0.22|0.03|-0.01|0.00|0.03|0.00
31.89157772064209|0.08|0.11|-0.07|-0.13|-0.07|-0.01|0.00|0.13|0.00
31.940048217773438|0.08|0.03|0.21|-0.04|-0.13|-0.01|0.00|-0.16|0.00
31.993179082870483|0.08|-0.11|-0.23|-0.16|0.00|-0.01|0.00|-0.00|-0.01
32.043235540390015|0.08|0.13|0.14|-0.15|0.04|-0.01|0.00|0.40|0.01
32.092313051223755|0.08|0.05|-0.24|0.10|0.15|-0.01|0.00|0.52|0.01
32.14134883880615|0.08|-0.10|0.08|-0.11|0.12|-0.01|0.00|0.24|0.02
32.19009208679199|0.09|0.10|0.22|0.13|0.03|-0.01|0.00|0.97|-0.00
32.242955446243286|0.07|-0.03|0.03|0.17|0.02|-0.01|0.00|-0.37|-0.01
32.29707980155945|0.08|-0.16|0.02|-0.27|-0.03|-0.01|0.00|-0.24|-0.03
32.34581923484802|0.08|0.03|0.08|-0.06|-0.10|-0.01|0.00|-0.07|-0.00
32.398696184158325|0.08|0.02|-0.12|0.10|-0.22|-0.01|0.00|-1.43|0.02
32.44849467277527|0.09|0.01|0.05|0.37|0.20|-0.01|0.00|-1.36|-0.03
32.500853300094604|0.08|-0.09|-0.13|-0.89|0.08|-0.01|0.00|1.44|0.02
32.551647901535034|0.07|-0.04|-0.08|0.10|-0.08|-0.01|0.00|0.73|-0.00
32.60372591018677|0.08|0.05|-0.04|0.16|0.14|-0.01|0.00|-0.54|-0.01
32.658528566360474|0.08|0.07|0.20|0.15|0.03|-0.01|0.00|-0.11|0.02
32.70236325263977|0.07|0.04|0.09|0.12|0.07|-0.01|0.00|0.00|-0.00
32.751649618148804|0.09|-0.00|0.05|0.24|-0.01|-0.01|0.00|0.00|0.01
32.800859212875366|0.10|0.00|0.02|0.10|-0.01|-0.01|0.00|0.00|0.01
32.84919261932373|0.08|-0.05|0.02|0.04|-0.04|-0.01|0.00|0.00|-0.00
32.89909601211548|0.09|-0.01|-0.03|0.02|0.01|-0.01|0.00|0.00|0.00
32.952173948287964|0.07|0.10|0.02|-0.01|0.00|-0.01|0.00|0.01|-0.00
33.001359701156616|0.08|-0.03|0.01|0.07|0.02|-0.01|0.00|0.02|-0.01
33.050469398498535|0.08|0.05|-0.02|0.16|0.04|-0.01|0.00|0.12|0.01
33.09987950325012|0.07|0.08|-0.04|0.05|0.02|-0.01|0.00|-0.04|0.00
33.15274262428284|0.08|-0.02|-0.09|-0.01|0.01|-0.01|0.00|-0.03|-0.00
33.201799392700195|0.07|0.03|0.19|0.05|0.13|-0.01|0.00|0.02|0.00
33.2510712146759|0.10|-0.16|0.46|0.34|0.46|-0.01|0.00|-0.12|0.01
33.300599098205566|0.09|-0.24|0.43|0.50|0.02|-0.01|0.00|-0.30|0.00
33.3528106212616|0.08|-0.04|-0.23|-0.32|-0.15|-0.01|0.00|0.08|0.02
33.40699481964111|0.10|-0.07|-0.08|-0.26|-0.32|-0.01|0.00|0.15|-0.03
33.45611786842346|0.07|0.28|-0.58|-0.68|-0.24|-0.01|0.00|0.06|-0.01
33.50939631462097|0.08|0.10|-0.25|-0.08|-0.10|-0.01|0.00|0.13|0.00
33.5621223449707|0.09|-0.01|-0.02|-0.10|0.08|-0.01|0.00|-0.10|-0.00
33.61502981185913|0.07|-0.10|0.00|0.25|-0.11|-0.01|0.00|-0.07|-0.00
33.66488766670227|0.10|0.04|0.05|0.10|-0.06|-0.01|0.00|-0.38|-0.02
33.720091342926025|0.07|0.05|0.04|-0.13|-0.00|-0.01|0.00|0.21|0.01
33.767104387283325|0.09|-0.00|-0.01|-0.04|0.05|-0.01|0.00|0.25|0.01
33.81636071205139|0.09|0.03|0.07|-0.05|0.03|-0.01|0.00|-0.01|0.01
33.865270137786865|0.07|-0.01|0.03|0.11|0.11|-0.01|0.00|0.06|-0.01
33.91391062736511|0.09|-0.03|0.05|-0.00|0.04|-0.01|0.00|0.21|0.01
33.968364238739014|0.07|0.01|-0.03|-0.01|-0.03|-0.01|0.00|-0.04|-0.01
34.016281604766846|0.08|0.00|0.04|0.14|0.04|-0.01|0.00|-0.11|-0.01
34.07027506828308|0.09|-0.02|-0.04|-0.06|-0.01|-0.01|0.00|0.09|0.02
34.126097202301025|0.08|-0.06|-0.00|0.04|0.02|-0.01|0.00|0.04|0.01
34.17202401161194|0.08|0.01|0.00|0.05|-0.00|-0.01|0.00|0.03|0.00
34.22211289405823|0.08|0.00|0.02|-0.18|0.01|-0.01|0.00|-0.01|-0.00
34.27472114562988|0.07|-0.04|-0.03|0.03|-0.02|-0.01|0.00|-0.15|-0.01
34.32456302642822|0.08|0.04|0.00|-0.05|0.03|-0.01|0.00|-0.03|0.00
34.377339124679565|0.07|-0.02|-0.01|-0.02|-0.03|-0.01|0.00|-0.09|0.00
34.42674684524536|0.08|-0.03|0.03|0.02|0.02|-0.01|0.00|-0.02|0.00
34.479477643966675|0.08|-0.04|0.01|-0.01|0.02|-0.01|0.00|-0.02|-0.01
34.53286957740784|0.07|-0.06|-0.01|-0.01|-0.03|-0.01|0.00|-0.00|0.00
34.582356691360474|0.08|-0.01|-0.02|0.02|0.01|-0.01|0.00|0.01|0.01
34.635079860687256|0.09|-0.05|-0.00|-0.02|-0.07|-0.01|0.00|0.01|-0.01
34.68485474586487|0.07|0.04|0.05|-0.12|0.07|-0.01|0.00|0.20|-0.02
34.73701286315918|0.09|-0.03|0.03|0.06|-0.05|-0.01|0.00|0.33|-0.00
34.786991596221924|0.07|-0.14|-0.02|0.03|0.04|-0.01|0.00|-0.17|0.00
34.83628225326538|0.08|0.13|-0.13|0.04|0.05|-0.01|0.00|-0.24|0.01
34.88872265815735|0.09|-0.05|0.18|-0.24|0.04|-0.01|0.00|0.16|0.01
34.942957401275635|0.08|-0.15|-0.10|-0.16|-0.01|-0.01|0.00|-0.12|-0.01
34.99215316772461|0.10|0.26|-0.05|0.15|-0.01|-0.01|0.00|-0.16|-0.00
35.04519510269165|0.09|0.12|-0.10|0.28|0.04|-0.01|0.00|-0.00|0.01
35.09451627731323|0.08|0.07|0.21|0.01|-0.04|-0.01|0.00|-0.00|0.01
35.14700770378113|0.09|-0.04|-0.06|0.04|0.25|-0.01|0.00|-0.00|-0.00
35.196692943573|0.09|0.08|0.15|-0.02|0.08|-0.01|0.00|-0.02|-0.00
35.2501802444458|0.09|-0.01|-0.00|-0.04|0.04|-0.01|0.00|0.01|-0.00
35.29845142364502|0.08|-0.05|0.18|0.29|0.05|-0.01|0.00|0.23|-0.03
35.348193883895874|0.08|-0.09|0.04|0.26|-0.39|-0.01|0.00|0.57|0.02
35.40111422538757|0.08|-0.16|-0.07|0.27|-0.38|-0.01|0.00|-0.68|0.00
35.45478892326355|0.09|-0.29|-0.07|-0.06|-0.05|-0.01|0.00|-0.07|0.00
35.50367021560669|0.07|-0.34|0.60|-0.19|0.30|-0.01|0.00|0.93|-0.00
35.552571535110474|0.11|-0.31|-0.15|0.67|0.09|-0.01|0.00|0.02|0.00
35.60606074333191|0.09|0.59|-0.11|0.08|-0.21|-0.01|0.00|-1.07|0.04
35.65972566604614|0.10|0.25|-0.11|-0.46|0.39|-0.01|0.00|-0.49|-0.01
35.708239793777466|0.09|0.37|-0.47|-0.72|-0.04|-0.01|0.00|0.28|-0.03
35.761494159698486|0.09|0.24|-0.18|-0.32|0.09|-0.01|0.00|0.24|-0.01
35.81534385681152|0.10|0.09|-0.25|-0.57|-0.13|-0.01|0.00|-0.03|0.00
35.864221811294556|0.09|0.06|-0.04|-0.67|-0.31|-0.01|0.00|-0.05|-0.03
35.91736173629761|0.09|-0.18|0.12|0.24|-0.05|-0.01|0.00|0.08|-0.01
35.96665930747986|0.09|-0.02|0.09|0.34|-0.30|-0.01|0.00|-0.00|0.02
36.02009081840515|0.08|-0.10|-0.02|0.42|0.13|-0.01|0.00|-0.07|-0.00
36.073118686676025|0.08|-0.05|0.09|0.06|-0.15|-0.01|0.00|-0.03|0.01
36.12256360054016|0.09|0.04|0.02|-0.14|0.14|-0.01|0.00|0.35|0.01
36.17174172401428|0.08|-0.09|0.13|-0.13|0.17|-0.01|0.00|-0.07|-0.02
36.2206084728241|0.08|0.06|-0.26|0.19|0.09|-0.01|0.00|-0.07|0.02
36.273799657821655|0.09|0.03|0.07|-0.30|0.12|-0.01|0.00|-0.03|-0.01
36.32313942909241|0.07|0.06|-0.02|0.26|0.10|-0.01|0.00|0.12|0.00
36.37243723869324|0.09|-0.10|0.17|0.02|0.02|-0.01|0.00|-0.21|0.00
36.42519521713257|0.09|-0.04|0.08|0.19|-0.14|-0.01|0.00|-0.05|-0.01
36.47385811805725|0.07|-0.12|0.05|0.25|0.05|-0.01|0.00|0.07|0.01
36.52356314659119|0.07|-0.06|0.07|-0.07|0.02|-0.01|0.00|0.37|0.01
36.57249212265015|0.09|0.01|-0.05|0.12|0.02|-0.01|0.00|0.30|0.00
36.62932348251343|0.08|0.04|-0.04|-0.17|-0.06|-0.01|0.00|-0.25|-0.01
36.681206941604614|0.09|0.02|-0.06|0.05|0.05|-0.01|0.00|-0.15|-0.00
36.7300591468811|0.09|0.02|0.05|0.02|0.05|-0.01|0.00|-0.23|-0.00
36.77727961540222|0.10|0.02|0.02|0.12|0.25|-0.01|0.00|-0.34|-0.01
36.82639670372009|0.10|0.11|-0.04|1.34|-0.14|-0.01|0.00|-0.56|-0.01
36.88016057014465|0.08|0.08|-0.07|-1.42|-0.21|-0.01|0.00|0.81|0.10
36.928804874420166|0.08|-0.06|0.03|0.09|0.04|-0.01|0.00|-0.38|-0.05
36.981781005859375|0.08|-0.15|0.13|-0.07|-0.23|-0.01|0.00|2.16|-0.12
37.035447120666504|0.08|-0.04|0.05|0.16|-0.05|-0.01|0.00|-1.03|-0.04
37.08479118347168|0.09|0.04|-0.04|0.01|0.06|-0.01|0.00|0.23|0.09
37.134355306625366|0.08|0.05|-0.05|-0.03|0.26|-0.01|0.00|-0.69|0.01
37.187026023864746|0.08|0.02|0.02|0.02|-0.06|-0.01|0.00|-0.66|-0.01
37.23662233352661|0.08|0.04|0.02|-0.02|-0.12|-0.01|0.00|0.13|0.03
37.285584449768066|0.07|-0.05|0.04|-0.00|0.14|-0.01|0.00|0.33|-0.00
37.33874726295471|0.08|-0.01|-0.06|-0.04|-0.04|-0.01|0.00|-0.09|-0.00
37.391220569610596|0.09|-0.00|0.00|-0.01|0.02|-0.01|0.00|-0.01|0.00
37.44504976272583|0.09|-0.01|-0.02|0.01|-0.00|-0.01|0.00|-0.01|-0.00
37.49510383605957|0.08|0.01|0.04|0.03|0.04|-0.01|0.00|0.00|-0.00
37.54693341255188|0.08|-0.01|0.01|-0.02|-0.06|-0.01|0.00|0.00|-0.00
37.59633111953735|0.08|-0.00|-0.02|0.01|0.05|-0.01|0.00|0.00|0.00
37.65119171142578|0.10|0.01|-0.01|0.00|-0.00|-0.01|0.00|0.00|0.00
37.706037521362305|0.09|0.03|-0.01|0.00|-0.00|-0.01|0.00|0.00|0.00
37.75989365577698|0.08|-0.03|0.02|0.01|-0.01|-0.01|0.00|0.00|0.00
37.7967894077301|0.08|0.02|-0.00|0.02|0.01|-0.01|0.00|0.00|-0.00
37.84638428688049|0.08|-0.03|0.01|-0.01|0.01|-0.01|0.00|0.00|-0.00
37.8960165977478|0.09|0.00|0.02|-0.04|-0.01|-0.01|0.00|0.00|-0.00
37.949005126953125|0.09|-0.00|-0.03|0.02|-0.01|-0.01|0.00|-0.00|0.00
37.9980525970459|0.08|0.02|-0.03|0.02|0.02|-0.01|0.00|-0.00|0.00
38.05164361000061|0.09|0.02|-0.02|0.23|0.22|-0.01|0.00|0.02|-0.00
38.10055160522461|0.08|-0.03|0.02|-0.39|-0.07|-0.01|0.00|-0.01|0.01
38.15345025062561|0.09|-0.02|0.02|-1.40|-0.10|-0.01|0.00|-0.04|-0.11
38.206270933151245|0.10|0.07|-0.10|1.17|-0.83|-0.01|0.00|-0.06|-0.08
38.25652480125427|0.08|0.00|-0.06|0.43|1.16|-0.01|0.00|-0.53|0.05
38.30564475059509|0.08|-0.07|0.20|0.76|1.94|-0.01|0.00|-0.19|0.20
38.357993364334106|0.09|-0.00|0.10|0.39|-2.31|-0.01|0.00|1.05|0.22
38.41180372238159|0.08|-0.15|-0.07|-1.15|-1.70|-0.01|0.00|-0.11|-0.01
38.46541357040405|0.10|0.11|-0.08|-1.51|2.19|-0.01|0.00|-0.40|-0.17
38.51397633552551|0.09|0.06|0.04|-0.14|-0.68|-0.01|0.00|0.07|-0.26
38.567707538604736|0.08|-0.06|-0.01|1.79|-0.59|-0.01|0.00|0.22|-0.04
38.61762857437134|0.08|0.03|-0.02|0.87|1.50|-0.01|0.00|0.18|0.15
38.66545557975769|0.08|0.00|0.10|0.23|-0.19|-0.01|0.00|0.14|0.18
38.71427655220032|0.09|-0.05|0.08|-1.31|-0.92|-0.01|0.00|-0.11|0.02
38.76826453208923|0.10|0.03|-0.10|-0.39|-0.69|-0.01|0.00|-0.68|-0.08
38.82052421569824|0.08|0.02|-0.11|0.24|0.62|-0.01|0.00|-0.30|-0.05
38.86700224876404|0.08|0.02|0.06|0.28|0.18|-0.01|0.00|0.63|0.02
38.91593909263611|0.08|0.02|0.04|-0.03|0.08|-0.01|0.00|0.49|0.00
38.96915888786316|0.08|-0.00|0.04|0.03|-0.05|-0.01|0.00|0.10|0.00
39.01830720901489|0.08|0.01|-0.06|0.05|-0.02|-0.01|0.00|-0.26|-0.01
39.07070589065552|0.09|0.00|0.03|-0.03|-0.02|-0.01|0.00|-0.08|0.00
39.12658739089966|0.07|0.01|-0.04|-0.05|0.02|-0.01|0.00|0.01|-0.00
39.16971802711487|0.09|-0.03|0.02|0.00|0.03|-0.01|0.00|0.09|0.00
39.222379207611084|0.07|0.02|-0.04|-0.03|-0.02|-0.01|0.00|0.11|0.00
39.271363258361816|0.07|-0.03|0.06|0.03|-0.02|-0.01|0.00|-0.07|-0.00
39.32545781135559|0.08|0.05|-0.04|0.01|0.06|-0.01|0.00|-0.15|-0.01
39.378660678863525|0.08|-0.02|0.04|0.09|-0.02|-0.01|0.00|-0.01|-0.00
39.423224449157715|0.08|0.01|-0.00|0.06|0.04|-0.01|0.00|0.03|0.00
39.47606110572815|0.08|0.00|-0.02|-0.09|-0.05|-0.01|0.00|0.14|0.00
39.525959491729736|0.07|-0.00|-0.01|0.03|0.01|-0.01|0.00|0.06|-0.00
39.579410791397095|0.08|0.01|-0.01|-0.03|-0.04|-0.01|0.00|-0.17|-0.00
39.632346868515015|0.08|0.00|0.01|-0.05|-0.08|-0.01|0.00|-0.06|-0.01
39.681657791137695|0.07|-0.06|0.01|-0.05|0.02|-0.01|0.00|0.00|0.00
39.734519720077515|0.08|-0.01|-0.04|-0.01|0.06|-0.01|0.00|0.00|0.00
39.783766746520996|0.08|-0.02|0.04|0.01|0.03|-0.01|0.00|-0.02|0.00
39.83710956573486|0.07|-0.06|-0.02|0.00|-0.07|-0.01|0.00|-0.08|-0.00
39.88653492927551|0.07|0.01|-0.02|0.00|0.00|-0.01|0.00|-0.08|0.00
39.93993854522705|0.08|0.04|0.04|0.00|-0.13|-0.01|0.00|-0.08|-0.00
39.983954668045044|0.07|0.01|0.01|0.02|0.05|-0.01|0.00|0.01|-0.00
40.03815579414368|0.07|-0.04|0.03|0.00|-0.03|-0.01|0.00|0.36|-0.02
40.08725428581238|0.08|-0.18|0.02|0.36|0.08|-0.01|0.00|-0.00|-0.00
40.140429973602295|0.08|-0.24|0.12|0.21|0.16|-0.01|0.00|-0.16|-0.00
40.18915915489197|0.07|0.20|-0.00|0.25|0.08|-0.01|0.00|-0.00|0.03
40.2384934425354|0.07|-0.16|0.18|0.02|0.05|-0.01|0.00|0.05|0.01
40.291773319244385|0.09|0.09|-0.01|-0.29|0.04|-0.01|0.00|-0.10|-0.01
40.344244718551636|0.08|0.12|-0.16|-0.07|-0.02|-0.01|0.00|-0.10|-0.00
40.394187688827515|0.09|0.02|0.05|-0.28|-0.20|-0.01|0.00|-0.03|-0.01
40.44791054725647|0.09|0.17|-0.31|-0.07|-0.00|-0.01|0.00|0.01|0.00
40.496920347213745|0.07|0.05|0.07|-0.23|-0.02|-0.01|0.00|0.08|-0.00
40.54583239555359|0.09|-0.14|0.02|0.13|0.09|-0.01|0.00|0.15|0.00
40.59924602508545|0.09|-0.04|0.03|0.02|-0.18|-0.01|0.00|-0.24|-0.00
40.65245509147644|0.08|-0.00|-0.08|0.08|-0.04|-0.01|0.00|-0.02|-0.01
40.70163154602051|0.09|0.08|0.03|0.10|0.05|-0.01|0.00|0.00|0.01
40.75001120567322|0.09|-0.09|0.01|0.34|0.05|-0.01|0.00|-0.08|0.01
40.79906940460205|0.07|0.00|0.09|-0.44|-0.08|-0.01|0.00|0.05|0.00
40.84884452819824|0.09|0.14|-0.03|0.26|0.21|-0.01|0.00|0.29|-0.00
40.902132511138916|0.08|-0.02|-0.00|-0.32|-0.05|-0.01|0.00|-0.26|0.00
40.954941749572754|0.08|-0.01|0.00|0.10|0.01|-0.01|0.00|-0.02|-0.00
41.004607915878296|0.10|-0.05|0.12|0.16|0.03|-0.01|0.00|-0.18|-0.00
41.059998750686646|0.09|-0.04|0.02|-0.11|-0.07|-0.01|0.00|0.02|-0.00
41.11085605621338|0.09|0.02|-0.12|0.20|-0.06|-0.01|0.00|-0.06|-0.01
41.15997672080994|0.09|0.01|0.02|-0.00|-0.01|-0.01|0.00|-0.10|0.00
41.20962905883789|0.08|-0.10|0.02|-0.17|0.06|-0.01|0.00|-0.05|0.02
41.262784004211426|0.10|0.07|-0.09|-0.03|0.01|-0.01|0.00|0.02|-0.01
41.31107974052429|0.09|0.03|0.02|-0.18|-0.00|-0.01|0.00|-0.12|0.00
41.36493492126465|0.08|-0.00|-0.01|-0.01|-0.08|-0.01|0.00|-0.06|0.00
41.417724609375|0.10|0.08|-0.02|0.15|0.10|-0.01|0.00|-0.02|0.00
41.47058653831482|0.10|-0.30|0.25|0.34|-0.07|-0.01|0.00|-0.07|-0.01
41.520216941833496|0.07|0.13|0.14|-0.17|0.12|-0.01|0.00|-0.28|-0.01
41.5698618888855|0.10|0.03|0.08|0.18|-0.06|-0.01|0.00|0.31|0.00
41.61921405792236|0.08|0.05|0.06|-0.35|-0.01|-0.01|0.00|-0.08|0.01
41.668246030807495|0.09|0.09|-0.02|0.13|0.16|-0.01|0.00|0.19|-0.01
41.721471548080444|0.10|-0.03|0.02|-0.31|-0.06|-0.01|0.00|-0.06|-0.02
41.77068877220154|0.09|0.08|-0.06|0.16|0.06|-0.01|0.00|0.15|0.00
41.82386302947998|0.09|-0.22|-0.01|0.04|-0.05|-0.01|0.00|-0.00|-0.00
41.87689161300659|0.09|0.03|-0.10|-0.22|0.01|-0.01|0.00|0.03|-0.00
41.92634415626526|0.09|-0.06|0.09|-0.01|0.01|-0.01|0.00|-0.05|-0.00
41.979358196258545|0.11|0.25|-0.21|-0.04|-0.05|-0.01|0.00|0.06|0.01
42.03235912322998|0.09|-0.00|-0.02|-0.05|-0.04|-0.01|0.00|0.03|-0.00
42.081180810928345|0.09|-0.07|-0.12|0.04|0.02|-0.01|0.00|-0.03|0.00
42.135042905807495|0.10|-0.03|0.06|-0.03|-0.03|-0.01|0.00|0.03|0.01
42.184165239334106|0.09|-0.01|-0.02|0.05|0.02|-0.01|0.00|-0.15|-0.01
42.23717474937439|0.09|-0.04|-0.02|-0.03|0.01|-0.01|0.00|-0.07|0.01
42.29093647003174|0.10|-0.03|-0.09|0.13|0.08|-0.01|0.00|-0.06|0.00
42.33981013298035|0.09|0.00|0.03|-0.08|0.00|-0.01|0.00|0.12|-0.01
42.38925051689148|0.10|0.01|0.03|-0.05|-0.02|-0.01|0.00|0.08|-0.00
42.43800187110901|0.09|0.03|0.06|0.07|-0.02|-0.01|0.00|0.05|0.01
42.48753380775452|0.09|0.04|0.07|0.09|0.09|-0.01|0.00|0.00|0.00
42.540716886520386|0.09|0.03|-0.17|-0.18|-0.12|-0.01|0.00|0.00|-0.01
42.58892750740051|0.08|-0.01|-0.07|0.04|0.04|-0.01|0.00|0.07|0.00
42.64199209213257|0.08|-0.05|0.03|-0.02|-0.02|-0.01|0.00|0.19|-0.01
42.69226050376892|0.10|0.07|0.01|-0.01|-0.10|-0.01|0.00|0.09|0.01
42.74077653884888|0.09|0.01|0.03|-0.00|0.03|-0.01|0.00|0.02|0.00
42.79029393196106|0.08|0.03|0.00|-0.02|-0.00|-0.01|0.00|0.01|0.00
42.84379482269287|0.10|-0.02|-0.05|0.03|-0.00|-0.01|0.00|-0.01|-0.00
42.896324634552|0.10|-0.04|0.01|-0.01|0.01|-0.01|0.00|-0.00|-0.00
42.94939374923706|0.08|0.06|-0.00|-0.01|-0.04|-0.01|0.00|-0.00|-0.00
42.99924373626709|0.10|-0.05|-0.00|0.05|0.05|-0.01|0.00|-0.00|-0.00
43.04795050621033|0.08|0.02|-0.01|0.04|0.06|-0.01|0.00|-0.00|0.00
43.101932764053345|0.08|-0.01|-0.04|-0.05|-0.06|-0.01|0.00|0.01|-0.00
43.15474772453308|0.10|-0.00|-0.02|0.01|0.05|-0.01|0.00|0.01|0.01
43.2043719291687|0.08|0.01|0.02|0.00|-0.04|-0.01|0.00|-0.01|-0.00
43.256704330444336|0.10|-0.00|-0.02|0.03|0.04|-0.01|0.00|0.00|-0.00
43.30585241317749|0.10|0.04|-0.05|-0.07|-0.08|-0.01|0.00|-0.00|-0.00
43.35969018936157|0.09|0.01|-0.02|0.03|0.00|-0.01|0.00|-0.02|-0.00
43.41243815422058|0.10|-0.02|0.06|-0.02|-0.01|-0.01|0.00|-0.07|-0.01
43.46590328216553|0.09|0.03|-0.01|-0.01|-0.01|-0.01|0.00|-0.04|0.00
43.514424085617065|0.09|-0.02|0.08|-0.01|-0.04|-0.01|0.00|-0.05|0.00
43.56875276565552|0.10|-0.02|0.02|0.01|-0.02|-0.01|0.00|-0.12|0.00
43.61766242980957|0.09|-0.01|0.03|0.01|0.03|-0.01|0.00|0.01|0.00
43.66650724411011|0.08|0.05|0.03|-0.00|-0.03|-0.01|0.00|0.07|0.00
43.72022080421448|0.09|-0.03|-0.03|-0.01|0.00|-0.01|0.00|0.05|-0.01
43.768933057785034|0.08|0.05|-0.00|-0.00|-0.00|-0.01|0.00|0.01|0.00
43.81786870956421|0.08|0.01|0.02|0.02|-0.02|-0.01|0.00|0.00|0.00
43.867610931396484|0.09|0.04|-0.05|-0.02|0.01|-0.01|0.00|0.04|0.00
43.916250467300415|0.08|-0.07|0.03|0.01|0.01|-0.01|0.00|0.06|0.00
43.97018337249756|0.08|-0.01|-0.01|-0.02|-0.00|-0.01|0.00|0.04|0.00
44.01897597312927|0.09|-0.00|0.02|0.01|-0.01|-0.01|0.00|0.03|-0.00
44.07203006744385|0.07|0.00|-0.00|-0.02|-0.01|-0.01|0.00|0.00|0.00
44.12582612037659|0.07|-0.03|-0.01|-0.01|-0.03|-0.01|0.00|0.00|0.00
44.1747362613678|0.08|0.00|-0.03|0.02|0.04|-0.01|0.00|0.00|-0.00
44.22409224510193|0.08|-0.03|-0.02|-0.02|-0.02|-0.01|0.00|0.00|0.00
44.276485204696655|0.07|0.04|0.02|-0.03|0.01|-0.01|0.00|0.00|-0.00
44.325751304626465|0.08|-0.02|-0.02|-0.00|-0.04|-0.01|0.00|0.00|0.00
44.37973594665527|0.07|0.02|0.02|-0.06|-0.05|-0.01|0.00|0.09|-0.00
44.42820334434509|0.08|-0.01|-0.02|0.12|0.09|-0.01|0.00|-0.00|0.00
44.48210072517395|0.08|0.03|-0.03|-0.01|-0.03|-0.01|0.00|0.02|0.00
44.53049969673157|0.07|0.07|-0.04|-0.11|-0.05|-0.01|0.00|0.19|0.00
44.58348846435547|0.08|-0.07|-0.01|0.00|0.03|-0.01|0.00|0.39|-0.02
44.63320302963257|0.05|0.04|-0.01|0.08|0.07|-0.01|0.00|0.12|0.01
44.68282747268677|0.10|0.09|0.04|-0.03|0.01|-0.01|0.00|0.21|0.01
44.73195958137512|0.08|0.00|-0.02|0.03|-0.06|-0.01|0.00|-0.14|0.02
44.78105545043945|0.09|0.06|0.05|0.15|-0.10|-0.01|0.00|-0.23|-0.03
44.834004402160645|0.09|-0.12|-0.01|-0.13|0.20|-0.01|0.00|-0.44|-0.01
44.88688111305237|0.07|-0.10|0.03|0.04|-0.04|-0.01|0.00|-0.20|0.01
44.935731172561646|0.08|-0.09|0.03|-0.01|0.02|-0.01|0.00|-0.04|0.00
44.98946690559387|0.09|-0.01|0.06|-0.01|0.02|-0.01|0.00|0.03|-0.00
45.03897547721863|0.08|0.02|0.01|0.00|-0.00|-0.01|0.00|-0.02|-0.00
45.08832287788391|0.10|0.06|0.03|0.02|0.03|-0.01|0.00|-0.11|-0.00
45.14115023612976|0.10|-0.01|0.18|0.05|0.04|-0.01|0.00|-0.03|0.00
45.19417190551758|0.09|0.07|-0.20|-0.08|-0.07|-0.01|0.00|-0.03|-0.00
45.243441343307495|0.10|-0.04|-0.04|0.00|0.00|-0.01|0.00|0.09|-0.00
45.2931113243103|0.10|-0.01|-0.06|0.02|0.03|-0.01|0.00|0.08|0.00
45.34561896324158|0.10|-0.01|0.04|-0.03|-0.02|-0.01|0.00|0.00|0.00
45.39546799659729|0.09|0.04|-0.01|0.00|-0.03|-0.01|0.00|0.00|0.00
45.443922996520996|0.10|0.02|-0.03|0.02|0.02|-0.01|0.00|0.00|0.00
45.49366307258606|0.08|-0.05|0.04|0.03|0.02|-0.01|0.00|-0.00|-0.00
45.546265840530396|0.08|-0.00|0.08|0.06|0.05|-0.01|0.00|-0.00|0.00
45.59597730636597|0.10|-0.02|0.05|-0.02|0.08|-0.01|0.00|-0.00|0.00
45.64426517486572|0.09|0.05|-0.03|0.10|0.05|-0.01|0.00|-0.07|-0.00
45.69851994514465|0.10|0.09|0.00|-0.13|-0.06|-0.01|0.00|0.06|-0.00
45.74777960777283|0.10|-0.06|-0.02|0.03|-0.04|-0.01|0.00|0.01|0.00
45.801024436950684|0.09|-0.08|0.03|-0.06|-0.07|-0.01|0.00|-0.00|0.00
45.854390382766724|0.10|-0.03|-0.07|0.00|0.03|-0.01|0.00|-0.03|0.00
45.90339636802673|0.11|0.03|-0.02|0.02|0.01|-0.01|0.00|0.03|-0.01
45.95207715034485|0.09|0.02|-0.03|0.04|-0.01|-0.01|0.00|-0.01|0.00
46.00531840324402|0.10|0.01|-0.00|-0.05|-0.05|-0.01|0.00|-0.01|-0.00
46.058191776275635|0.10|-0.01|0.02|-0.03|-0.04|-0.01|0.00|0.02|0.00
46.1080436706543|0.09|-0.02|-0.02|0.02|0.02|-0.01|0.00|-0.03|0.00
46.16127300262451|0.09|0.03|-0.06|-0.03|-0.01|-0.01|0.00|0.01|0.00
46.210548400878906|0.12|-0.02|0.05|0.03|0.01|-0.01|0.00|-0.01|-0.00
46.263508796691895|0.09|0.05|0.01|-0.01|-0.02|-0.01|0.00|-0.03|-0.00
46.312368869781494|0.09|-0.01|0.02|-0.02|-0.03|-0.01|0.00|0.03|0.00
46.365180253982544|0.10|-0.03|-0.04|-0.02|-0.01|-0.01|0.00|0.04|0.00
46.41882514953613|0.07|-0.03|-0.03|-0.03|-0.03|-0.01|0.00|0.00|-0.00
46.472254514694214|0.08|-0.00|0.04|-0.01|-0.02|-0.01|0.00|-0.01|-0.00
46.521791219711304|0.10|0.01|0.00|0.04|0.02|-0.01|0.00|-0.01|-0.00
46.5751211643219|0.09|0.00|-0.02|0.08|0.08|-0.01|0.00|-0.08|-0.00
46.62341904640198|0.07|-0.01|0.00|-0.02|-0.00|-0.01|0.00|0.07|0.01
46.67311358451843|0.09|-0.02|0.00|-0.03|0.01|-0.01|0.00|0.02|0.00
46.72207260131836|0.10|0.04|0.03|0.01|0.02|-0.01|0.00|0.02|0.00
46.77166676521301|0.08|0.01|-0.03|0.00|-0.02|-0.01|0.00|0.02|0.00
46.82084012031555|0.10|-0.00|0.02|0.00|-0.00|-0.01|0.00|0.04|0.00
46.87313508987427|0.09|0.02|-0.01|0.01|0.02|-0.01|0.00|-0.02|-0.00
46.92322301864624|0.09|-0.02|-0.01|0.00|-0.01|-0.01|0.00|-0.01|0.00
46.97589349746704|0.09|-0.01|-0.00|-0.02|-0.01|-0.01|0.00|0.03|0.00
47.02935600280762|0.08|-0.02|0.01|-0.01|-0.01|-0.01|0.00|0.04|0.00
47.0780930519104|0.09|0.00|0.01|0.01|0.00|-0.01|0.00|-0.05|-0.00
47.131951093673706|0.09|0.03|-0.02|-0.00|-0.02|-0.01|0.00|-0.03|-0.00
47.18035173416138|0.09|-0.01|0.01|0.02|0.02|-0.01|0.00|-0.00|-0.00
47.233436822891235|0.07|0.05|0.01|-0.03|-0.03|-0.01|0.00|-0.00|-0.00
47.28245139122009|0.10|-0.02|0.03|0.02|0.02|-0.01|0.00|0.03|0.00
47.33252263069153|0.09|0.01|-0.03|-0.00|-0.00|-0.01|0.00|0.02|0.00
47.38549017906189|0.08|-0.02|0.01|0.02|0.03|-0.01|0.00|0.06|-0.00
47.43450927734375|0.10|-0.04|-0.01|0.01|0.00|-0.01|0.00|0.06|0.00
47.48937797546387|0.09|-0.03|-0.04|-0.02|-0.03|-0.01|0.00|-0.13|-0.00
47.54106783866882|0.09|0.02|0.04|-0.02|-0.03|-0.01|0.00|-0.04|-0.00
47.590245962142944|0.08|0.01|-0.05|-0.03|-0.05|-0.01|0.00|0.00|-0.00
47.64310264587402|0.09|0.02|0.03|-0.01|-0.00|-0.01|0.00|0.06|0.00
47.69259977340698|0.07|-0.01|-0.01|0.03|-0.02|-0.01|0.00|0.07|0.00
47.74146842956543|0.08|0.03|0.03|-0.02|0.02|-0.01|0.00|-0.02|0.00
47.79105734825134|0.08|0.02|0.00|0.01|0.05|-0.01|0.00|-0.05|-0.00
47.84414982795715|0.08|0.05|-0.02|0.05|0.04|-0.01|0.00|-0.07|-0.00
47.896971225738525|0.09|-0.00|0.02|-0.01|-0.01|-0.01|0.00|-0.06|0.00
47.94985818862915|0.09|-0.05|-0.01|0.00|0.01|-0.01|0.00|0.04|-0.00
47.99967288970947|0.07|-0.05|0.03|-0.01|0.01|-0.01|0.00|0.01|-0.00
48.049678802490234|0.10|0.02|-0.05|0.02|-0.01|-0.01|0.00|-0.13|-0.01
48.09865856170654|0.09|-0.01|0.00|-0.05|0.01|-0.01|0.00|0.00|0.01
48.15171217918396|0.09|0.01|0.02|0.00|0.01|-0.01|0.00|-0.02|-0.01
48.200907468795776|0.09|-0.03|0.01|0.02|-0.02|-0.01|0.00|0.11|0.00
48.2503616809845|0.09|0.03|-0.00|0.05|-0.02|-0.01|0.00|0.01|0.00
48.29925894737244|0.07|0.00|-0.02|0.01|-0.00|-0.01|0.00|0.01|0.00
48.34811210632324|0.08|0.02|0.06|-0.07|0.04|-0.01|0.00|0.02|0.00
48.4015429019928|0.09|-0.04|-0.02|-0.12|-0.01|-0.01|0.00|0.02|-0.00
48.45478367805481|0.08|-0.03|-0.07|0.05|0.05|-0.01|0.00|0.01|-0.00
48.50408363342285|0.10|-0.03|0.01|0.12|-0.11|-0.01|0.00|-0.02|0.00
48.55309271812439|0.09|0.07|0.00|0.04|0.04|-0.01|0.00|-0.15|-0.00
48.60196375846863|0.09|0.04|0.05|0.00|0.02|-0.01|0.00|0.03|0.00
48.654855489730835|0.09|0.00|-0.02|-0.04|0.02|-0.01|0.00|-0.07|-0.01
48.70458650588989|0.09|0.02|0.02|-0.01|-0.01|-0.01|0.00|0.10|0.00
48.753061056137085|0.09|0.00|0.00|0.05|0.00|-0.01|0.00|0.08|0.00
48.80734634399414|0.09|-0.05|-0.03|-0.01|-0.04|-0.01|0.00|-0.02|0.00
48.85644555091858|0.09|-0.03|-0.03|-0.02|-0.00|-0.01|0.00|0.03|0.00
48.90931749343872|0.10|-0.01|-0.02|-0.06|0.01|-0.01|0.00|0.01|0.00
48.954312801361084|0.10|0.00|0.03|0.08|0.02|-0.01|0.00|0.01|0.00
49.00335192680359|0.09|0.03|0.02|0.08|-0.07|-0.01|0.00|0.01|0.00
49.05334830284119|0.10|0.04|0.02|0.16|0.09|-0.01|0.00|-0.07|0.00
49.1061954498291|0.09|-0.04|-0.01|-0.35|-0.08|-0.01|0.00|0.09|0.00
49.15905475616455|0.10|-0.02|-0.01|0.05|0.25|-0.01|0.00|0.01|-0.00
49.20797109603882|0.10|0.01|0.01|0.34|-0.02|-0.01|0.00|-0.25|0.00
49.257004261016846|0.09|0.07|0.02|-0.22|-0.16|-0.01|0.00|-0.11|0.00
49.31687140464783|0.10|-0.01|0.02|-0.38|-0.19|-0.01|0.00|0.34|-0.01
49.36390233039856|0.09|-0.05|-0.02|0.33|0.10|-0.01|0.00|-0.04|0.01
49.41313147544861|0.08|-0.02|-0.01|-0.28|-0.01|-0.01|0.00|0.07|0.01
49.466007471084595|0.08|0.02|-0.01|-0.01|0.04|-0.01|0.00|0.06|-0.01
49.5208523273468|0.08|0.03|0.02|0.16|0.07|-0.01|0.00|-0.07|0.01
49.57371759414673|0.08|-0.00|0.02|0.10|0.02|-0.01|0.00|-0.01|0.01
49.61317706108093|0.09|-0.02|0.02|0.01|0.12|-0.01|0.00|0.00|0.00
49.66343450546265|0.09|-0.02|-0.05|-0.03|0.07|-0.01|0.00|0.00|-0.01
49.71630787849426|0.08|0.01|-0.01|0.18|-0.02|-0.01|0.00|-0.00|0.01
49.765576124191284|0.09|0.03|-0.02|-0.08|-0.13|-0.01|0.00|0.06|-0.00
49.818927526474|0.09|-0.01|-0.03|0.19|0.00|-0.01|0.00|0.21|-0.00
49.871490240097046|0.08|0.01|-0.05|-0.36|-0.08|-0.01|0.00|-0.06|0.00
49.9213969707489|0.10|-0.01|0.05|0.08|0.07|-0.01|0.00|0.21|0.00
49.97048020362854|0.09|-0.00|0.02|-0.04|-0.01|-0.01|0.00|-0.02|0.00
50.01876664161682|0.07|0.02|0.02|0.08|0.06|-0.01|0.00|0.00|0.00
50.068793535232544|0.09|0.03|-0.00|0.09|0.13|-0.01|0.00|-0.05|0.01
50.12199568748474|0.08|-0.01|0.04|-0.03|-0.08|-0.01|0.00|-0.00|-0.01
50.17513155937195|0.08|-0.02|0.00|-0.00|0.14|-0.01|0.00|-0.16|0.00
50.22392725944519|0.09|-0.01|0.00|-0.11|-0.18|-0.01|0.00|0.16|-0.00
50.277425050735474|0.08|-0.02|0.01|0.02|0.02|-0.01|0.00|-0.25|-0.00
50.326892614364624|0.09|0.00|-0.01|0.02|-0.04|-0.01|0.00|-0.08|0.00
50.3760027885437|0.11|-0.02|0.01|0.13|0.03|-0.01|0.00|-0.01|0.00
50.429011821746826|0.09|0.04|-0.06|0.00|-0.00|-0.01|0.00|-0.00|0.00
50.47743582725525|0.09|-0.01|0.04|-0.16|-0.00|-0.01|0.00|0.00|0.00
50.53168225288391|0.11|-0.02|-0.00|-0.02|0.07|-0.01|0.00|-0.00|0.00
50.58413243293762|0.09|0.02|0.01|-0.21|-0.06|-0.01|0.00|-0.00|-0.00
50.633992195129395|0.09|0.00|0.01|0.59|-0.16|-0.01|0.00|-0.29|-0.00
50.687246799468994|0.07|-0.01|-0.07|0.89|0.33|-0.01|0.00|-1.44|0.10
50.736159563064575|0.08|0.01|0.00|-1.00|0.13|-0.01|0.00|-0.33|0.05
50.789074420928955|0.07|-0.01|0.03|-0.48|-0.44|-0.01|0.00|0.00|-0.05
50.838595390319824|0.09|-0.06|0.03|-0.29|0.37|-0.01|0.00|0.39|-0.12
50.89149594306946|0.08|-0.01|-0.05|0.08|-0.29|-0.01|0.00|-0.02|0.04
50.940828800201416|1.30|0.10|-0.05|0.93|-0.28|-0.01|0.00|-0.49|0.03
50.994099855422974|1.19|0.05|0.03|-0.03|0.36|-0.01|0.00|-0.19|-0.06
51.04251265525818|0.76|0.00|0.06|-0.50|-0.24|-0.01|0.00|1.91|-0.03
51.091809034347534|0.69|-0.12|0.03|-0.54|0.40|-0.01|0.00|1.78|0.07
51.14496684074402|0.10|-0.13|-0.06|-0.26|-0.65|-0.01|0.00|0.53|-0.02
51.19483733177185|0.12|0.03|-0.01|0.15|0.07|-0.01|0.00|0.66|0.01
51.24766778945923|0.13|0.12|0.01|0.30|0.02|-0.01|0.00|-0.63|-0.02
51.29653739929199|0.13|0.09|-0.06|0.12|0.20|-0.01|0.00|-1.08|0.01
51.34577536582947|0.11|0.01|-0.00|0.09|0.01|-0.01|0.00|-0.43|-0.00
51.39958715438843|0.12|-0.02|0.07|-0.10|-0.07|-0.01|0.00|-0.27|-0.00
51.452308893203735|0.13|-0.07|0.04|-0.09|0.02|-0.01|0.00|0.09|-0.00
51.50213885307312|0.12|-0.00|-0.01|0.22|0.05|-0.01|0.00|0.21|0.00
51.55499744415283|0.13|-0.02|-0.02|-0.11|-0.03|-0.01|0.00|-0.10|0.00
51.603904008865356|0.13|0.01|0.01|0.18|0.02|-0.01|0.00|-0.07|-0.00
51.65373420715332|0.12|0.01|-0.01|0.01|0.03|-0.01|0.00|-0.15|-0.00
51.70659375190735|0.14|0.03|0.00|-0.16|0.01|-0.01|0.00|-0.03|0.00
51.75945210456848|0.15|-0.00|-0.03|-0.22|0.02|-0.01|0.00|-0.04|-0.01
51.80931758880615|0.12|-0.01|0.05|0.10|-0.06|-0.01|0.00|-0.01|-0.00
51.85782051086426|0.14|0.03|-0.01|0.13|0.00|-0.01|0.00|0.23|0.01
51.91138482093811|0.14|0.00|-0.00|0.04|-0.02|-0.01|0.00|-0.23|-0.00
51.96477484703064|0.12|-0.00|-0.01|0.00|-0.08|-0.01|0.00|-0.05|0.00
52.01383304595947|0.11|-0.02|0.00|0.12|0.03|-0.01|0.00|-0.02|0.00
52.06270241737366|0.13|-0.00|0.02|-0.11|0.01|-0.01|0.00|0.03|0.00
52.11160969734192|0.14|0.02|-0.02|0.04|-0.00|-0.01|0.00|0.04|0.00
52.161441802978516|0.11|0.02|-0.01|0.12|0.09|-0.01|0.00|-0.03|0.00
52.21501970291138|0.14|0.01|-0.01|-0.14|-0.03|-0.01|0.00|0.05|-0.00
52.26726222038269|0.13|-0.00|0.01|0.02|-0.02|-0.01|0.00|-0.01|0.01
52.31721043586731|0.12|-0.04|0.01|0.07|0.03|-0.01|0.00|-0.01|-0.01
52.37035512924194|0.13|-0.04|-0.01|-0.04|0.02|-0.01|0.00|-0.04|0.00
52.423661947250366|0.14|0.01|-0.02|-0.05|-0.01|-0.01|0.00|0.01|-0.00
52.47206449508667|0.13|-0.04|-0.01|-0.10|-0.05|-0.01|0.00|0.25|0.00
52.5223433971405|0.13|0.00|0.01|-0.00|0.01|-0.01|0.00|0.33|0.00
52.575478076934814|0.14|0.04|-0.04|0.35|0.40|-0.01|0.00|-0.52|-0.00
52.62460899353027|0.13|0.07|-0.00|0.41|0.23|-0.01|0.00|-2.54|0.00
52.6737596988678|1.40|0.10|-0.08|0.43|-0.47|-0.01|0.00|0.95|0.07
52.725993394851685|1.34|-0.14|0.22|-0.44|-0.69|-0.01|0.00|0.67|-0.03
52.776153326034546|0.19|-0.12|0.01|-1.72|0.34|-0.01|0.00|2.13|-0.01
52.82934355735779|0.08|0.03|-0.11|0.93|-0.31|-0.01|0.00|1.31|-0.01
52.87838411331177|0.09|0.05|-0.00|-0.04|0.38|-0.01|0.00|-0.62|-0.03
52.93155121803284|0.07|0.05|0.02|0.20|-0.06|-0.01|0.00|-0.53|0.02
52.980868339538574|0.09|0.01|-0.00|0.17|0.18|-0.01|0.00|-0.69|-0.00
53.03327465057373|0.09|0.04|-0.04|0.02|-0.05|-0.01|0.00|-0.20|0.01
53.083096981048584|0.07|-0.05|0.05|0.04|-0.06|-0.01|0.00|-0.24|0.00
53.13610816001892|0.09|-0.04|0.05|-0.11|0.01|-0.01|0.00|-0.15|-0.00
53.1847083568573|0.09|-0.00|-0.03|0.09|0.06|-0.01|0.00|-0.09|-0.00
53.23802447319031|0.07|0.00|-0.01|-0.03|0.05|-0.01|0.00|0.01|-0.00
53.29420042037964|0.08|0.00|-0.06|-0.02|0.01|-0.01|0.00|0.04|0.00
53.341161012649536|0.09|-0.03|0.03|-0.02|0.01|-0.01|0.00|-0.10|0.00
53.389960050582886|0.09|0.00|-0.00|-0.06|-0.05|-0.01|0.00|-0.03|-0.00
53.44345164299011|0.08|0.02|0.04|0.03|0.01|-0.01|0.00|-0.07|-0.00
53.49254369735718|0.08|0.04|-0.01|0.02|-0.00|-0.01|0.00|0.06|-0.00
53.54223346710205|0.09|0.01|-0.01|0.08|-0.01|-0.01|0.00|0.01|0.00
53.594857692718506|0.09|-0.02|0.02|-0.02|0.01|-0.01|0.00|-0.03|-0.00
53.64771556854248|0.07|0.01|-0.01|-0.04|-0.01|-0.01|0.00|-0.03|-0.00
53.70114827156067|0.08|0.00|-0.02|-0.03|0.06|-0.01|0.00|-0.00|-0.00
53.75082468986511|0.09|-0.03|0.03|-0.17|-0.02|-0.01|0.00|0.05|0.00
53.80414795875549|0.08|-0.00|0.00|0.05|0.03|-0.01|0.00|-0.07|-0.00
53.85331749916077|0.08|0.01|-0.02|0.12|0.19|-0.01|0.00|-0.41|0.00
53.90243911743164|0.08|0.07|-0.01|0.38|0.38|-0.01|0.00|-1.35|-0.03
53.95553946495056|1.35|0.10|-0.07|0.04|-0.19|-0.01|0.00|-1.21|0.04
54.00489068031311|1.39|0.05|-0.04|-0.44|-0.07|-0.01|0.00|0.56|-0.01
54.05803418159485|1.34|-0.19|0.19|0.27|-0.21|-0.01|0.00|2.37|-0.01
54.11112594604492|0.05|-0.04|-0.05|-1.70|-0.60|-0.01|0.00|2.13|0.02
54.160118103027344|0.08|-0.07|-0.06|1.54|-0.25|-0.01|0.00|0.07|0.00
54.21325159072876|0.09|0.01|0.00|-0.00|0.48|-0.01|0.00|-0.54|-0.04
54.2628858089447|0.09|0.10|-0.02|0.22|-0.05|-0.01|0.00|-0.87|0.05
54.311994791030884|0.09|0.02|0.01|-0.04|0.22|-0.01|0.00|-0.55|-0.00
54.3653290271759|0.09|-0.00|0.06|-0.15|-0.02|-0.01|0.00|0.00|0.00
54.41364812850952|0.08|-0.01|0.01|-0.12|0.09|-0.01|0.00|0.07|-0.00
54.4676787853241|0.09|-0.02|0.02|0.05|-0.06|-0.01|0.00|-0.00|0.01
54.52105712890625|0.09|-0.01|-0.05|0.02|0.05|-0.01|0.00|-0.15|-0.01
54.57430291175842|0.08|-0.02|-0.01|-0.01|-0.06|-0.01|0.00|-0.09|-0.00
54.6235032081604|0.08|0.00|-0.02|0.04|0.11|-0.01|0.00|-0.12|-0.01
54.676254987716675|0.09|-0.01|0.02|-0.06|-0.04|-0.01|0.00|-0.06|0.00
54.72498917579651|0.09|0.02|0.01|0.03|0.00|-0.01|0.00|0.04|0.00
54.773998737335205|0.09|0.01|-0.01|-0.01|0.00|-0.01|0.00|-0.04|0.00
54.82324767112732|0.08|0.00|0.04|-0.00|0.02|-0.01|0.00|0.04|0.00
54.87706279754639|0.09|-0.01|-0.02|-0.02|0.00|-0.01|0.00|-0.02|-0.00
54.92629027366638|0.09|-0.02|-0.00|0.02|0.02|-0.01|0.00|-0.03|0.00
54.97947406768799|0.08|0.04|0.00|-0.01|-0.00|-0.01|0.00|-0.03|0.00
55.031813859939575|0.08|-0.03|-0.01|0.00|-0.02|-0.01|0.00|-0.03|-0.00
55.08599877357483|0.08|0.04|-0.01|-0.00|-0.06|-0.01|0.00|-0.03|0.00
55.13097810745239|0.09|0.02|0.03|0.02|0.04|-0.01|0.00|0.01|0.00
55.18446469306946|0.10|-0.00|-0.00|-0.00|-0.09|-0.01|0.00|0.02|-0.00
55.2378146648407|0.10|-0.03|-0.02|0.01|0.04|-0.01|0.00|0.04|-0.00
55.28685665130615|0.14|-0.01|0.03|0.08|-0.07|-0.01|0.00|0.03|0.00
55.340031147003174|0.19|0.01|-0.02|-0.01|-0.01|-0.01|0.00|-0.02|0.00
55.38906502723694|0.28|-0.01|-0.03|-0.03|-0.11|-0.01|0.00|0.15|0.00
55.437581062316895|0.26|0.07|-0.04|0.04|0.01|-0.01|0.00|0.03|0.00
55.490572690963745|0.15|-0.04|-0.11|-0.12|-0.14|-0.01|0.00|0.02|0.00
55.540996074676514|0.20|-0.04|0.05|-0.01|0.09|-0.01|0.00|-0.10|0.00
55.59329032897949|0.09|0.11|-0.01|0.02|0.08|-0.01|0.00|0.10|-0.00
55.64315700531006|0.11|-0.03|0.05|-0.06|-0.05|-0.01|0.00|0.00|0.00
55.69648551940918|0.12|-0.05|-0.02|-0.07|0.02|-0.01|0.00|-0.06|-0.01
55.745397329330444|0.08|0.19|-0.04|0.09|-0.10|-0.01|0.00|0.07|0.01
55.798906564712524|0.08|0.11|-0.08|0.06|-0.09|-0.01|0.00|0.16|-0.00
55.8476026058197|0.10|-0.23|0.15|0.07|-0.11|-0.01|0.00|-0.02|0.01
55.901227951049805|0.09|-0.05|0.04|-0.32|-0.09|-0.01|0.00|0.02|0.00
55.94977116584778|0.08|0.15|-0.03|-0.28|0.18|-0.01|0.00|0.07|-0.01
56.00291585922241|0.10|-0.03|-0.05|0.11|0.20|-0.01|0.00|0.04|-0.00
56.0519814491272|0.09|-0.19|0.16|0.18|0.22|-0.01|0.00|0.02|0.00
56.10184717178345|0.09|-0.18|0.09|0.14|-0.05|-0.01|0.00|-0.22|-0.00
56.154452085494995|0.10|-0.00|0.14|0.07|0.14|-0.01|0.00|-0.20|-0.01
56.20381784439087|0.09|0.04|-0.09|0.11|0.05|-0.01|0.00|-0.07|0.00
56.25332808494568|0.07|-0.05|0.09|0.16|0.53|-0.01|0.00|-0.09|0.01
56.3026385307312|0.10|0.05|0.05|-0.15|0.22|-0.01|0.00|0.01|-0.01
56.355517625808716|0.10|0.07|-0.23|-0.03|-0.40|-0.01|0.00|-0.40|-0.01
56.411356925964355|0.09|0.15|-0.24|-0.33|-0.08|-0.01|0.00|-0.07|0.00
56.46214461326599|0.10|-0.10|-0.22|-0.13|-0.27|-0.01|0.00|0.44|0.00
56.510640382766724|0.10|0.10|0.01|-0.21|-0.09|-0.01|0.00|-0.02|-0.01
56.56449913978577|0.09|-0.09|0.04|0.11|-0.03|-0.01|0.00|-0.06|0.00
56.61811351776123|0.09|-0.02|0.06|-0.07|-0.18|-0.01|0.00|-0.33|-0.01
56.666988134384155|0.09|-0.06|0.08|0.17|-0.03|-0.01|0.00|0.04|-0.00
56.71596431732178|0.09|0.04|-0.04|0.26|0.20|-0.01|0.00|0.09|0.01
56.764649391174316|0.09|0.03|0.30|0.20|0.16|-0.01|0.00|0.01|0.00
56.81467604637146|0.10|0.01|0.07|0.08|0.09|-0.01|0.00|0.15|0.00
56.863712310791016|0.10|-0.08|0.20|0.12|0.46|-0.01|0.00|-0.07|0.00
56.91263008117676|0.09|-0.14|0.13|0.27|-0.10|-0.01|0.00|-0.04|0.00
56.96611475944519|0.09|0.09|-0.09|-0.23|-0.02|-0.01|0.00|-0.02|0.00
57.01941394805908|0.10|0.14|-0.28|-0.09|-0.25|-0.01|0.00|0.07|-0.00
57.06825876235962|0.10|-0.05|-0.06|0.06|0.06|-0.01|0.00|-0.30|-0.00
57.121315002441406|0.09|-0.04|0.04|0.26|0.12|-0.01|0.00|-0.15|-0.00
57.17414617538452|0.10|0.05|-0.03|-0.28|-0.06|-0.01|0.00|-0.05|-0.00
57.22786474227905|0.11|-0.00|-0.04|-0.13|-0.19|-0.01|0.00|0.25|0.01
57.27693843841553|0.09|0.03|-0.07|0.10|-0.11|-0.01|0.00|0.02|-0.01
57.33066201210022|0.09|-0.00|-0.00|-0.17|-0.09|-0.01|0.00|0.13|0.00
57.37978458404541|0.09|-0.07|0.11|0.03|-0.10|-0.01|0.00|0.21|0.00
57.43287110328674|0.09|-0.02|-0.01|0.27|0.16|-0.01|0.00|-0.16|-0.00
57.48170518875122|0.08|0.04|0.02|-0.06|-0.02|-0.01|0.00|-0.12|0.00
57.53553509712219|0.09|0.04|0.01|-0.10|0.03|-0.01|0.00|-0.05|-0.00
57.58468699455261|0.09|0.03|0.02|-0.15|-0.06|-0.01|0.00|0.10|0.01
57.6338529586792|0.09|0.04|0.01|0.27|-0.01|-0.01|0.00|-0.38|-0.02
57.68704533576965|0.08|-0.00|-0.07|-0.04|0.16|-0.01|0.00|-1.82|0.06
57.73586964607239|1.34|-0.03|0.01|0.55|-0.15|-0.01|0.00|-0.54|0.10
57.788339614868164|1.35|-0.01|-0.03|-0.51|-0.06|-0.01|0.00|1.24|-0.15
57.842448234558105|0.69|-0.12|-0.02|-0.58|-0.09|-0.01|0.00|2.01|0.02
57.895087480545044|0.23|0.03|-0.02|-0.66|-0.20|-0.01|0.00|1.66|-0.01
57.94417452812195|0.10|0.06|0.04|0.55|0.12|-0.01|0.00|0.24|-0.01
57.994043827056885|0.12|0.05|0.03|0.41|-0.01|-0.01|0.00|-0.32|0.01
58.04316234588623|0.11|0.04|0.02|0.40|0.05|-0.01|0.00|-0.81|-0.04
58.09648108482361|0.12|0.03|-0.05|-0.29|0.09|-0.01|0.00|-0.51|0.01
58.14584946632385|0.10|0.03|-0.01|0.12|-0.13|-0.01|0.00|0.01|-0.00
58.19815111160278|0.10|-0.05|0.02|-0.21|0.04|-0.01|0.00|-0.13|0.02
58.24815630912781|0.11|-0.03|-0.01|0.17|0.08|-0.01|0.00|-0.00|0.00
58.29704022407532|0.11|0.00|-0.02|-0.18|-0.02|-0.01|0.00|0.21|0.00
58.350239515304565|0.10|-0.03|0.00|0.12|-0.12|-0.01|0.00|0.11|0.00
58.39910626411438|0.11|-0.01|-0.01|0.04|0.02|-0.01|0.00|-0.06|0.00
58.452791690826416|0.11|-0.01|0.05|-0.19|-0.05|-0.01|0.00|-0.11|-0.00
58.5011351108551|0.10|0.03|0.02|0.00|0.06|-0.01|0.00|-0.30|0.01
58.55030703544617|0.11|0.01|-0.01|0.03|0.03|-0.01|0.00|-0.17|-0.01
58.60392475128174|0.12|0.02|-0.06|-0.05|0.03|-0.01|0.00|-0.07|-0.00
58.657822132110596|0.09|-0.01|0.02|-0.11|-0.18|-0.01|0.00|0.27|0.01
58.70662188529968|0.10|-0.03|0.00|-0.15|-0.29|-0.01|0.00|0.14|0.00
58.75911045074463|0.11|0.04|-0.00|-0.12|-0.07|-0.01|0.00|-0.05|-0.01
58.8125696182251|0.11|-0.00|0.01|0.06|0.12|-0.01|0.00|-0.18|-0.01
58.86255359649658|0.10|0.09|-0.06|-0.02|0.10|-0.01|0.00|-0.13|0.00
58.915714502334595|0.11|0.07|-0.04|-0.06|-0.04|-0.01|0.00|-0.26|-0.00
58.96464014053345|0.12|0.02|-0.08|0.17|0.18|-0.01|0.00|-0.11|0.00
59.01400661468506|0.10|-0.05|0.17|0.18|0.09|-0.01|0.00|0.27|0.00
59.06668972969055|0.10|-0.02|0.03|0.11|-0.04|-0.01|0.00|0.12|-0.00
59.11622977256775|0.11|-0.03|-0.07|0.02|0.08|-0.01|0.00|0.07|0.00
59.16457390785217|0.10|0.04|-0.05|-0.03|0.08|-0.01|0.00|0.10|-0.01
59.21777296066284|0.11|0.04|-0.05|-0.05|0.04|-0.01|0.00|-0.19|0.00
59.271140575408936|0.11|-0.02|0.06|-0.20|-0.09|-0.01|0.00|-0.21|-0.00
59.32125949859619|0.10|0.06|-0.09|0.09|-0.01|-0.01|0.00|-0.17|0.00
59.37415790557861|0.10|-0.03|0.03|-0.05|-0.02|-0.01|0.00|0.20|-0.01
59.423563957214355|0.12|-0.07|0.05|-0.01|-0.04|-0.01|0.00|0.09|0.00
59.47249436378479|0.11|-0.00|0.03|0.16|0.07|-0.01|0.00|0.00|0.00
59.5213463306427|0.09|0.00|-0.04|-0.05|0.01|-0.01|0.00|0.06|0.01
59.57492446899414|0.10|0.04|0.04|-0.13|0.01|-0.01|0.00|0.33|-0.01
59.62326669692993|0.10|-0.09|-0.03|0.20|0.06|-0.01|0.00|0.24|0.01
59.67341923713684|0.11|0.02|0.05|0.09|-0.02|-0.01|0.00|-0.28|-0.00
59.72673749923706|0.09|0.07|-0.09|-0.01|-0.12|-0.01|0.00|-0.18|0.00
59.77999973297119|0.09|-0.02|-0.05|-0.06|0.07|-0.01|0.00|-0.07|-0.00
59.82913279533386|0.11|0.02|0.01|-0.15|0.03|-0.01|0.00|0.03|-0.01
59.88209390640259|0.10|-0.09|-0.03|-0.08|-0.01|-0.01|0.00|0.01|-0.00
59.935654163360596|0.09|-0.01|0.11|-0.03|0.05|-0.01|0.00|-0.06|-0.00
59.98437571525574|0.11|-0.09|0.08|0.03|0.04|-0.01|0.00|0.05|0.00
60.03304052352905|0.10|-0.06|-0.09|-0.04|0.02|-0.01|0.00|0.01|0.00
60.082040548324585|0.09|0.00|0.10|0.22|0.04|-0.01|0.00|0.19|-0.00
60.13637709617615|0.11|0.08|-0.16|-0.09|-0.02|-0.01|0.00|-0.26|0.01
60.185449838638306|0.11|-0.06|0.24|0.22|-0.05|-0.01|0.00|0.06|0.00
60.2341582775116|0.10|0.07|0.02|0.18|0.06|-0.01|0.00|0.03|-0.00
60.28382682800293|0.10|0.10|-0.15|0.02|0.02|-0.01|0.00|-0.17|0.01
60.337034463882446|0.11|0.10|0.04|-0.21|-0.08|-0.01|0.00|-0.01|-0.01
60.38923358917236|0.10|-0.17|0.10|-0.06|-0.03|-0.01|0.00|0.02|-0.00
60.43914198875427|0.10|0.02|-0.07|-0.29|-0.18|-0.01|0.00|0.18|0.00
60.4919912815094|0.11|0.05|0.01|0.22|-0.02|-0.01|0.00|-0.10|-0.00
60.54097294807434|0.12|0.34|-0.15|0.15|0.04|-0.01|0.00|-0.05|0.00
60.59083867073059|0.09|-0.15|0.07|0.01|-0.02|-0.01|0.00|0.05|0.00
60.64000201225281|0.09|-0.14|0.04|0.02|0.01|-0.01|0.00|0.33|0.00
60.68881273269653|0.11|-0.02|-0.01|-0.08|0.11|-0.01|0.00|0.05|0.01
60.74232053756714|0.09|-0.08|0.03|0.05|-0.09|-0.01|0.00|-0.11|0.00
60.79466223716736|0.09|0.05|-0.04|-0.02|0.09|-0.01|0.00|-0.24|-0.00
60.84451985359192|0.10|-0.03|0.12|0.00|-0.01|-0.01|0.00|-0.03|-0.00
60.898099184036255|0.10|-0.06|0.02|-0.01|0.03|-0.01|0.00|0.02|-0.00
60.94711971282959|0.10|-0.08|0.00|0.01|0.03|-0.01|0.00|0.04|-0.00
61.00002074241638|0.09|-0.02|-0.02|-0.05|0.04|-0.01|0.00|-0.12|0.00
61.0488920211792|0.11|-0.06|0.01|-0.01|-0.01|-0.01|0.00|0.01|-0.00
61.10267162322998|0.13|-0.02|-0.04|0.04|0.00|-0.01|0.00|0.02|0.00
61.15098690986633|0.10|0.03|-0.11|-0.01|0.02|-0.01|0.00|0.03|0.00
61.200642824172974|0.09|-0.05|-0.00|0.04|-0.03|-0.01|0.00|0.10|0.00
61.24938130378723|0.10|0.03|0.07|0.04|0.03|-0.01|0.00|0.03|0.00
61.29931306838989|0.11|-0.05|0.16|0.01|0.04|-0.01|0.00|-0.03|0.00
61.35218644142151|0.09|0.12|-0.05|-0.10|0.04|-0.01|0.00|0.01|0.01
61.40118169784546|0.10|-0.09|-0.11|-0.18|0.05|-0.01|0.00|0.11|0.01
61.45513868331909|0.11|0.22|-0.26|-0.07|-0.03|-0.01|0.00|-0.22|-0.01
61.50387144088745|0.10|0.17|0.04|-0.05|-0.18|-0.01|0.00|-0.12|0.00
61.553215742111206|0.11|0.01|0.15|0.07|-0.05|-0.01|0.00|0.01|0.01
61.602341175079346|0.10|0.03|-0.12|0.06|0.12|-0.01|0.00|0.07|-0.01
61.65509867668152|0.09|-0.20|0.21|0.04|0.05|-0.01|0.00|0.19|-0.00
61.704718828201294|0.10|-0.08|-0.09|0.05|0.02|-0.01|0.00|0.04|0.00
61.75335669517517|0.11|-0.11|0.09|0.07|-0.02|-0.01|0.00|-0.06|0.00
61.8072452545166|0.10|-0.39|0.35|0.02|-0.02|-0.01|0.00|-0.13|0.00
61.85649609565735|0.10|0.05|-0.18|0.07|-0.02|-0.01|0.00|-0.07|0.00
61.90553021430969|0.11|-0.26|0.18|0.04|0.06|-0.01|0.00|0.01|0.00
61.9590220451355|0.11|0.04|-0.43|0.01|-0.01|-0.01|0.00|0.00|-0.00
62.00787138938904|0.09|-0.03|-0.00|0.03|-0.04|-0.01|0.00|0.02|0.01
62.0570650100708|0.10|0.19|-0.17|0.01|-0.02|-0.01|0.00|0.04|0.00
62.109946727752686|0.10|0.18|0.09|-0.10|-0.01|-0.01|0.00|-0.00|-0.00
62.15863800048828|0.11|0.11|0.03|0.01|0.01|-0.01|0.00|-0.01|-0.00
62.20895171165466|0.09|0.03|0.16|-0.04|-0.01|-0.01|0.00|0.00|0.00
62.261828660964966|0.11|-0.04|0.13|0.02|0.03|-0.01|0.00|-0.06|-0.00
62.31031560897827|0.11|0.22|-0.17|0.03|0.03|-0.01|0.00|-0.01|0.00
62.36447262763977|0.10|0.03|0.12|-0.10|-0.03|-0.01|0.00|-0.00|-0.00
62.413535833358765|0.10|0.04|0.06|0.01|-0.02|-0.01|0.00|0.00|-0.00
62.46680665016174|0.11|0.09|-0.06|-0.09|-0.02|-0.01|0.00|-0.00|-0.00
62.51572823524475|0.12|0.06|-0.02|-0.04|0.02|-0.01|0.00|0.00|-0.00
62.568589210510254|0.11|-0.05|0.06|-0.03|-0.06|-0.01|0.00|0.00|0.00
62.618408203125|0.11|0.09|-0.14|-0.09|0.01|-0.01|0.00|-0.00|0.00
62.67131567001343|0.11|0.14|-0.11|-0.01|-0.06|-0.01|0.00|-0.03|-0.01
62.72064781188965|0.10|-0.34|0.26|0.04|0.02|-0.01|0.00|-0.00|0.00
62.769590616226196|0.12|0.00|-0.18|0.09|0.05|-0.01|0.00|0.00|0.00
62.827027320861816|0.12|-0.10|-0.20|-0.02|-0.06|-0.01|0.00|-0.13|-0.00
62.876267433166504|0.11|-0.20|0.17|0.13|0.02|-0.01|0.00|0.04|0.00
62.92150354385376|0.09|-0.04|0.08|0.15|0.04|-0.01|0.00|0.10|0.01
62.974122047424316|0.11|-0.05|0.02|-0.13|-0.11|-0.01|0.00|0.01|-0.00
63.02314233779907|0.11|0.18|-0.07|-0.08|0.07|-0.01|0.00|0.05|0.00
63.07694435119629|0.10|0.17|-0.29|-0.22|-0.07|-0.01|0.00|-0.30|-0.01
63.12949299812317|0.11|0.10|-0.14|-0.29|-0.12|-0.01|0.00|0.02|-0.00
63.179476499557495|0.11|0.00|0.14|0.18|0.09|-0.01|0.00|0.09|-0.00
63.22857093811035|0.10|-0.27|0.46|0.60|0.19|-0.01|0.00|-0.08|-0.01
63.27723670005798|0.09|-0.15|0.37|0.52|0.06|-0.01|0.00|0.02|0.01
63.32623791694641|0.11|-0.01|0.22|0.18|0.18|-0.01|0.00|0.33|0.02
63.380340337753296|0.12|-0.01|-0.02|0.20|0.16|-0.01|0.00|0.06|0.01
63.4331419467926|0.10|0.27|-0.31|-0.18|-0.02|-0.01|0.00|-0.20|-0.01
63.48262047767639|0.10|-0.02|-0.13|0.02|-0.04|-0.01|0.00|-0.15|0.00
63.53582978248596|0.11|-0.26|-0.10|-0.30|-0.15|-0.01|0.00|-0.07|-0.01
63.588934659957886|0.10|0.20|-0.09|-0.33|-0.09|-0.01|0.00|0.17|-0.00
63.64179015159607|0.09|0.16|-0.05|-0.25|-0.10|-0.01|0.00|0.02|-0.01
63.69509935379028|0.12|-0.10|-0.01|-0.25|0.01|-0.01|0.00|0.02|-0.00
63.74806356430054|0.11|0.18|-0.12|-0.07|-0.10|-0.01|0.00|-0.02|-0.00
63.80103302001953|0.09|0.04|-0.13|-0.14|-0.08|-0.01|0.00|-0.01|-0.00
63.850372314453125|0.09|0.04|-0.06|-0.02|-0.05|-0.01|0.00|0.01|0.01
63.90423631668091|0.11|0.01|-0.05|0.10|-0.02|-0.01|0.00|-0.01|-0.01
63.9530246257782|0.10|-0.06|-0.04|0.26|0.09|-0.01|0.00|-0.10|0.01
64.00244641304016|0.09|0.21|-0.11|0.16|0.06|-0.01|0.00|0.01|0.00
64.0512285232544|0.10|-0.11|0.27|0.09|-0.02|-0.01|0.00|0.08|0.01
64.10464715957642|0.11|0.06|-0.04|-0.02|-0.04|-0.01|0.00|0.01|0.00
64.1541383266449|0.09|0.08|-0.09|-0.05|-0.16|-0.01|0.00|-0.06|0.01
64.20726776123047|0.09|-0.10|0.02|-0.17|-0.02|-0.01|0.00|-0.15|-0.02
64.2603075504303|0.10|-0.02|-0.02|0.08|-0.12|-0.01|0.00|-0.06|0.00
64.31320762634277|0.10|-0.11|0.10|-0.25|-0.01|-0.01|0.00|0.18|-0.00
64.36728429794312|0.09|0.20|-0.44|-0.38|-0.07|-0.01|0.00|0.17|-0.01
64.42035627365112|0.09|0.26|-0.13|-0.08|-0.09|-0.01|0.00|-0.13|-0.03
64.46912121772766|0.11|-0.02|-0.14|0.41|0.36|-0.01|0.00|0.10|0.02
64.51883554458618|0.09|-0.10|0.35|0.15|0.27|-0.01|0.00|-0.03|0.02
64.56799149513245|0.10|-0.14|-0.03|0.09|0.04|-0.01|0.00|-0.00|0.01
64.62064027786255|0.12|-0.19|0.07|0.12|-0.03|-0.01|0.00|-0.03|-0.00
